10000	10000
2499	2520
2500	2904
2500	3126
2500	3439
2500	4188
2501	2524
2501	2817
2501	2859
2501	3129
2501	4491
2502	2598
2502	2831
2502	3088
2502	4413
2503	3350
2504	2507
2504	3222
2504	4934
2505	2941
2505	3779
2505	3946
2505	4400
2507	2509
2507	3917
2508	4379
2510	2517
2510	3205
2511	4064
2512	2673
2513	2864
2513	3285
2514	3052
2517	2596
2517	2908
2519	2616
2519	2692
2519	3095
2520	3447
2521	2831
2522	3145
2523	2934
2524	2573
2526	3837
2527	2595
2531	2976
2534	2817
2534	3139
2535	2998
2537	4233
2538	2514
2538	2681
2538	2734
2538	3174
2538	3608
2539	2598
2540	2577
2540	3950
2540	4078
2541	3786
2542	4297
2543	2580
2547	2931
2551	2846
2551	4407
2552	2566
2554	2545
2555	3467
2558	3130
2559	4101
2561	2546
2563	4379
2565	2517
2568	3245
2572	3801
2573	2978
2577	4585
2578	3517
2580	2766
2584	3776
2586	4579
2587	3418
2588	3340
2597	2525
2597	2598
2597	2705
2598	2704
2600	3940
2602	2657
2607	3300
2618	2587
2618	2759
2621	3750
2621	4101
2623	2851
2624	3790
2627	3858
2635	3789
2637	3827
2651	2593
2651	2822
2656	2864
2656	2971
2657	3293
2657	3996
2659	3862
2660	2646
2660	3909
2661	2822
2662	2701
2665	2580
2665	2599
2665	3046
2665	4179
2671	2501
2671	3072
2673	2763
2675	3791
2681	3907
2685	3311
2685	3917
2688	2743
2688	3788
2689	2643
2690	4398
2692	2507
2692	2582
2695	2646
2695	4437
2695	4735
2697	2505
2700	4406
2700	4578
2705	2944
2706	2977
2709	3163
2714	3166
2720	2521
2727	2817
2732	2510
2734	3359
2740	2739
2746	2598
2749	2500
2755	3760
2765	4142
2768	2774
2771	4161
2773	4424
2774	3135
2775	2822
2775	3453
2795	2870
2812	2632
2812	3138
2812	3215
2812	3626
2812	4640
2813	2686
2814	3367
2815	4424
2817	2543
2817	2818
2817	3460
2817	4414
2817	4814
2818	2669
2819	2538
2825	4765
2826	2499
2826	3790
2831	2909
2832	2658
2832	3213
2834	2695
2835	2887
2836	2646
2845	3130
2851	2719
2851	3647
2852	2502
2853	3207
2854	4505
2856	2931
2858	2598
2858	3075
2862	2631
2864	2638
2877	3790
2878	2843
2884	2858
2890	4843
2891	2906
2892	2974
2896	2585
2909	3981
2910	3481
2920	2501
2921	3753
2925	3757
2929	2697
2930	4258
2934	3756
2939	4321
2951	3163
2969	2862
2976	2676
2977	4473
2979	2519
2980	2686
2984	4140
2994	3126
3000	3926
3008	2660
3008	2734
3010	4478
3014	3813
3017	4109
3033	2695
3050	3204
3051	4066
3052	3771
3056	2529
3060	3215
3068	4394
3074	4064
3107	3256
3124	2560
3124	4155
3124	4909
3125	2845
3126	4125
3127	3365
3130	2550
3132	2584
3132	2695
3134	4048
3135	2522
3135	2582
3144	2669
3144	4036
3144	4382
3147	2858
3147	2985
3149	4416
3151	4008
3152	2520
3154	4397
3159	2665
3166	2741
3166	4062
3171	3163
3173	2862
3174	2538
3184	2827
3186	2812
3186	3163
3192	2501
3204	4465
3207	4448
3209	2659
3217	3437
3224	4644
3237	2588
3242	2552
3243	2863
3243	4497
3261	3788
3263	3193
3267	2597
3282	2851
3283	4706
3284	2676
3285	3544
3288	2919
3289	4067
3290	3150
3290	3953
3290	4951
3293	3601
3293	3921
3301	3282
3312	4158
3320	2501
3320	3642
3321	2657
3321	3018
3323	2595
3323	3184
3325	2970
3325	3908
3332	2677
3335	3580
3339	2509
3339	3473
3340	3877
3349	3398
3359	3995
3369	3996
3371	4496
3375	4202
3377	4480
3408	2541
3437	2624
3437	2890
3439	2815
3440	3754
3447	2668
3456	3223
3456	4007
3457	2656
3458	2812
3459	2870
3463	4053
3472	3842
3477	3007
3481	3136
3486	3085
3489	4462
3491	2510
3492	4150
3515	2575
3515	2616
3516	3127
3520	3213
3559	2615
3569	2659
3572	2512
3576	3555
3584	2636
3593	2745
3593	3583
3594	2871
3595	2538
3599	3916
3600	2545
3625	3911
3632	3750
3653	2516
3671	3484
3672	4717
3714	2539
3749	2509
3749	2597
3749	3751
3750	2627
3750	2685
3750	3608
3751	2596
3752	2720
3752	3129
3752	4325
3752	4575
3752	4845
3754	2510
3754	3762
3754	4379
3755	3505
3755	3884
3758	2543
3760	2676
3760	3718
3769	2780
3769	3168
3769	4108
3772	4128
3774	3950
3779	4865
3783	3928
3788	4074
3788	4587
3792	2836
3794	3134
3799	3547
3802	3749
3803	4101
3804	3820
3809	2521
3810	3320
3818	2768
3819	2553
3823	4413
3827	2533
3827	2714
3827	3674
3829	3480
3829	4383
3831	3760
3832	4062
3834	2778
3841	3554
3842	2665
3843	2512
3843	2666
3847	4064
3847	4612
3847	4977
3848	4097
3848	4133
3849	2620
3849	3462
3851	3290
3852	3140
3854	3418
3856	3780
3858	2704
3862	3326
3864	2758
3867	2539
3869	4396
3874	2525
3878	3769
3888	3996
3896	4689
3906	3620
3906	3763
3908	3281
3911	2510
3925	2600
3925	3126
3926	2538
3926	4908
3928	3854
3936	2828
3945	3057
3945	4789
3951	3799
3954	2868
3954	4047
3958	3211
3965	3226
3971	3285
3979	2716
4023	2621
4033	2548
4043	3765
4050	2822
4064	2626
4067	2875
4067	4069
4069	3002
4070	2514
4072	2830
4073	4081
4075	3047
4080	3371
4084	2590
4086	2736
4087	2590
4089	2681
4090	2676
4097	4472
4103	2532
4108	3218
4112	2831
4141	3752
4142	2548
4147	2812
4152	3948
4157	3085
4169	4164
4170	3461
4179	2616
4216	4609
4218	3169
4218	4554
4222	4545
4228	2543
4267	2592
4278	2631
4296	3593
4322	4111
4337	3305
4377	3296
4378	2556
4392	2657
4394	3442
4395	2510
4397	3240
4404	3437
4405	2578
4405	2951
4408	2726
4408	3205
4419	2540
4423	3137
4426	2917
4429	2579
4430	2549
4443	2715
4455	2544
4491	3165
4493	3133
4495	2590
4531	2910
4545	2499
4575	3991
4612	3443
4624	2873
4633	3151
4651	3462
4659	2499
4664	2695
4668	2550
4687	2695
4697	3007
4706	4538
4719	3315
4730	3139
4741	2607
4747	2688
4814	4572
4824	3132
4825	2880
4826	2707
4853	2573
4864	3779
4866	2610
4963	2599
4999	5366
4999	5879
4999	6640
4999	8859
5000	7007
5000	8807
5001	5063
5001	5080
5001	5163
5001	5201
5001	5882
5001	6574
5001	6596
5001	7544
5001	8205
5001	8456
5002	5637
5002	7817
5002	7929
5002	9084
5002	9238
5003	5976
5003	8077
5004	5058
5004	5093
5004	5425
5004	6055
5004	6407
5004	6952
5004	9156
5005	5097
5005	5556
5006	5748
5006	5782
5007	6252
5008	5901
5009	5077
5009	5314
5009	5510
5009	9421
5010	5007
5010	5116
5010	5317
5010	5396
5010	5791
5012	5037
5012	5078
5012	5395
5012	6725
5012	7501
5012	9565
5014	7999
5015	5566
5016	7953
5018	6174
5019	5015
5019	5496
5019	5938
5019	8599
5019	8634
5019	9781
5020	6133
5020	7742
5021	7814
5022	5349
5024	6715
5024	8126
5024	8375
5025	7547
5026	5510
5026	8223
5029	5714
5029	6067
5030	6072
5032	5512
5032	5673
5034	7031
5034	8027
5038	5117
5038	8241
5038	8808
5039	5785
5039	9455
5040	8595
5041	4999
5041	5154
5041	6288
5041	6348
5041	6415
5044	5087
5046	5126
5046	6123
5047	6616
5048	7500
5049	5027
5049	5647
5049	8675
5050	8729
5054	5900
5054	6447
5054	7249
5054	7269
5055	5821
5058	5078
5058	5804
5058	7592
5058	8108
5058	8188
5060	7746
5062	8288
5063	5087
5069	7128
5070	6174
5073	7119
5077	5568
5077	5782
5077	6412
5077	6487
5078	5273
5078	5879
5078	5949
5080	9379
5082	6680
5082	7590
5082	7656
5082	9872
5083	5841
5083	7797
5086	7579
5088	6294
5088	8813
5088	9080
5089	5016
5090	5234
5091	5120
5097	5118
5098	5048
5098	5156
5098	7739
5100	7573
5102	7665
5102	8165
5102	9553
5108	5796
5109	5079
5115	6064
5118	8780
5120	5049
5120	5978
5120	7037
5122	7216
5123	7609
5127	6435
5129	7754
5132	5826
5138	7089
5145	6982
5151	6876
5151	7668
5156	5391
5156	7113
5156	7898
5156	9080
5156	9278
5157	5201
5157	5322
5157	5537
5157	6907
5157	7659
5158	5090
5159	5647
5159	5823
5161	7701
5162	6417
5162	9101
5163	5423
5165	5385
5167	5391
5167	6601
5168	7511
5170	6445
5170	8410
5173	5470
5173	6006
5176	7945
5178	8895
5181	6749
5182	7560
5185	5624
5185	7519
5185	9689
5186	8456
5189	6995
5189	8963
5190	5092
5192	5198
5197	5268
5202	7138
5205	7568
5207	5822
5208	6071
5208	7982
5214	5511
5215	5787
5217	5003
5217	5976
5217	9033
5219	6329
5223	9332
5229	5908
5229	6420
5229	9242
5230	8160
5231	8536
5234	5417
5234	5628
5234	5979
5234	6123
5234	6254
5234	7206
5234	8827
5234	9076
5234	9218
5234	9497
5236	5644
5237	5004
5237	5556
5239	7526
5239	9569
5244	5624
5246	5333
5246	5964
5248	7133
5249	6426
5254	6563
5259	6281
5265	9860
5268	7045
5270	5944
5272	5800
5273	6298
5273	9435
5283	5275
5283	8310
5283	9229
5286	8368
5287	5831
5297	8940
5309	6581
5311	6797
5312	5000
5312	5027
5312	5085
5312	5236
5312	5439
5312	6436
5313	5009
5314	5398
5315	5102
5318	7829
5319	5168
5319	8339
5320	5170
5322	7587
5322	8813
5326	7663
5328	5007
5328	7566
5328	7742
5328	8935
5332	9451
5333	9189
5334	5125
5334	5273
5334	5313
5334	6264
5335	8125
5336	7397
5338	7526
5341	5356
5342	5318
5347	8126
5351	5948
5351	6874
5351	8017
5351	9101
5352	7553
5353	5206
5353	7524
5360	7538
5362	8027
5364	6746
5366	5165
5366	5676
5366	7510
5368	5192
5378	7812
5378	8447
5392	5042
5392	9472
5393	5411
5395	5125
5395	7089
5399	5502
5401	6421
5402	5834
5409	5164
5409	8842
5411	5704
5414	5001
5415	5477
5429	5082
5429	7519
5433	8926
5439	7852
5439	7971
5451	5314
5452	5029
5455	6117
5455	6352
5458	7676
5460	5156
5468	5045
5468	5047
5468	5063
5468	5127
5469	5162
5469	5634
5469	8755
5470	5685
5470	7508
5470	8359
5471	5763
5472	5157
5472	6313
5472	8437
5474	6462
5477	8657
5478	8188
5478	8774
5480	6393
5483	5654
5488	5082
5488	5469
5488	6885
5491	5567
5500	6142
5507	9390
5508	6113
5512	5977
5520	5009
5529	9382
5535	7588
5537	5547
5539	5633
5539	6724
5544	6349
5547	8481
5550	5175
5551	5010
5556	6016
5557	8248
5576	5726
5585	9856
5587	7170
5595	5558
5595	7671
5610	5798
5624	5351
5624	9135
5624	9867
5625	5127
5626	5325
5626	5965
5626	6299
5626	6874
5626	8157
5627	5016
5627	5724
5627	8351
5627	8850
5628	6772
5630	5663
5630	5664
5632	5014
5632	5626
5632	6334
5632	6934
5633	8055
5634	5163
5635	5375
5635	5626
5637	9179
5638	5099
5645	5000
5646	5099
5646	6415
5650	6567
5651	5648
5662	5673
5663	5959
5664	6021
5665	5030
5665	7192
5665	7577
5665	8915
5666	6572
5666	7200
5668	5951
5668	6261
5669	5469
5671	5091
5673	5901
5674	7924
5676	5098
5676	5099
5681	7577
5685	5705
5691	7667
5696	7516
5697	7824
5702	5119
5702	6890
5705	6511
5705	7949
5707	7566
5707	9429
5709	6102
5712	5045
5712	7285
5712	7693
5712	8141
5717	5169
5720	6270
5722	5297
5722	7519
5723	5442
5724	6938
5726	5178
5727	5219
5729	9065
5731	5390
5732	6259
5741	7674
5744	5470
5745	5051
5749	8818
5753	6650
5762	5029
5767	5517
5773	7513
5781	5043
5781	6253
5781	6533
5781	8251
5782	5332
5782	6249
5783	6687
5783	9421
5787	7697
5788	7040
5790	8154
5792	7586
5796	6329
5799	8447
5800	5240
5801	5644
5805	5158
5810	5352
5811	5351
5816	6020
5820	7031
5839	9376
5842	9735
5852	8749
5860	5041
5861	5312
5862	4999
5868	8652
5884	8838
5903	8180
5908	5333
5910	9064
5912	8159
5914	9159
5932	6791
5937	5162
5937	6475
5942	5012
5942	5676
5948	5683
5950	5015
5951	5016
5952	7250
5956	7284
5956	7975
5959	5981
5961	9081
5969	5158
5975	5689
5978	7079
5984	5574
5985	5128
5987	5005
5987	6270
5987	9687
5997	6251
6009	6567
6016	6379
6016	6719
6016	6970
6017	5784
6020	5523
6037	5024
6037	5273
6038	8497
6056	9304
6066	7620
6067	6874
6075	6055
6093	5118
6095	8459
6096	8129
6101	8614
6103	7541
6135	5370
6136	7509
6171	5619
6181	8212
6205	5339
6219	6249
6249	5101
6249	6268
6250	5628
6250	5707
6250	5942
6251	8115
6252	7758
6252	8175
6253	5138
6254	5356
6255	7598
6255	8459
6257	5625
6258	5344
6259	8334
6260	7988
6260	9496
6263	8638
6264	6269
6264	7717
6269	7660
6270	5509
6270	6601
6271	5079
6274	7629
6274	7833
6275	5052
6282	6457
6285	5001
6288	7032
6288	7518
6288	7577
6291	7266
6293	5325
6293	7505
6293	7913
6298	5003
6298	8202
6304	6896
6309	7812
6309	7969
6311	6283
6313	6054
6313	8285
6314	6273
6323	7746
6327	6196
6327	8769
6328	7704
6329	6114
6330	7754
6332	6022
6332	6345
6333	5671
6335	5803
6337	6235
6340	8439
6343	5280
6347	5146
6348	5964
6349	5234
6354	5080
6354	6564
6357	5829
6366	5937
6368	5246
6368	8071
6370	5431
6370	9067
6373	5375
6377	8871
6381	6657
6382	8284
6405	6884
6406	5004
6406	5591
6406	6337
6406	8922
6407	5647
6407	7510
6409	7617
6410	6760
6412	9609
6418	5013
6419	6728
6421	9441
6427	7844
6432	9663
6438	5019
6439	5656
6442	5020
6445	7823
6445	8132
6446	6724
6464	7515
6465	5405
6470	7148
6471	9612
6477	5491
6485	8171
6487	8013
6506	6349
6507	7666
6515	9389
6526	7348
6542	9711
6562	5078
6562	5722
6562	8132
6562	9084
6563	5160
6563	7524
6564	5803
6564	5962
6564	7578
6570	5000
6578	7499
6582	5190
6582	7747
6589	7915
6589	8458
6593	6271
6594	6252
6601	5478
6607	7946
6613	5156
6616	7970
6620	8447
6625	5098
6628	5684
6641	5004
6644	5127
6650	6238
6659	7504
6660	8183
6667	7743
6684	5379
6703	5080
6718	5106
6718	5798
6721	5181
6724	5624
6731	8069
6738	6894
6739	6877
6746	6611
6758	7616
6764	5707
6767	6938
6767	7871
6768	5060
6778	8304
6797	5286
6819	7032
6822	9546
6862	5820
6874	5137
6874	5889
6876	5322
6882	7268
6891	7706
6891	9380
6896	7621
6897	6731
6897	7538
6915	5050
6915	5783
6916	5412
6916	5601
6926	5025
6926	6493
6926	6916
6928	5205
6928	5666
6929	9083
6943	8056
6952	5055
6954	7813
6955	6587
6956	9106
6962	5430
6973	5421
6974	8674
6975	8448
6996	8715
6998	8272
7003	5551
7033	6412
7034	5156
7044	8237
7048	8906
7050	6978
7059	9571
7065	9069
7070	5667
7079	6152
7080	9062
7082	5677
7096	5117
7100	5004
7103	8595
7130	8118
7131	5256
7158	8869
7187	5485
7188	5742
7189	7031
7193	8012
7195	6254
7210	5015
7217	6108
7217	7509
7219	7158
7238	6933
7241	5159
7241	5978
7266	9497
7285	5200
7289	7822
7304	5198
7324	9136
7343	7504
7343	8586
7358	4999
7370	5041
7370	5982
7382	5361
7389	7740
7397	5805
7412	5162
7431	6330
7432	5066
7497	6485
7499	5635
7499	6623
7500	7520
7500	8254
7501	5632
7501	6439
7501	6982
7501	9242
7502	7797
7502	8457
7503	6347
7504	5647
7505	6612
7506	5392
7509	5340
7509	6973
7509	8807
7513	5861
7513	7503
7514	5626
7516	6396
7519	5629
7519	5937
7519	7598
7524	5231
7529	5663
7529	6564
7533	8011
7534	6249
7538	5159
7538	5356
7538	5605
7538	5693
7539	5024
7540	8539
7541	7743
7541	8326
7543	9076
7544	5007
7549	5627
7551	5357
7552	5024
7553	6817
7555	8483
7560	5293
7564	7647
7570	6332
7573	8804
7577	5245
7577	6748
7577	8515
7578	5186
7579	6493
7580	5010
7581	5234
7582	6623
7584	5494
7585	5519
7585	7851
7587	5064
7587	5077
7587	8154
7587	9150
7595	5419
7596	8536
7597	7583
7597	9482
7604	6257
7609	5392
7610	8378
7612	5637
7613	5097
7613	5929
7618	7678
7624	5059
7631	9014
7637	5252
7656	5023
7656	6874
7657	6006
7658	5000
7658	5158
7658	5508
7660	5861
7660	7780
7663	6735
7665	6305
7668	5015
7671	6739
7675	7658
7678	6445
7687	9166
7691	5031
7695	5256
7695	8788
7697	5117
7702	6323
7704	5059
7704	5328
7706	7968
7706	8857
7707	8019
7715	5046
7719	5235
7725	5078
7728	7753
7734	5652
7734	5705
7734	5746
7735	5656
7737	5942
7739	8516
7739	9875
7740	8599
7741	5704
7743	9258
7758	5748
7768	6553
7771	6719
7774	5246
7814	5033
7814	5175
7814	7543
7815	5991
7815	6357
7818	9050
7821	5052
7832	6379
7833	7233
7835	5158
7835	8032
7845	5189
7845	8945
7847	7070
7853	5554
7853	8154
7858	5159
7861	6016
7870	5625
7881	5020
7881	5152
7885	5195
7890	7939
7890	8022
7895	5314
7898	8601
7910	6104
7916	5557
7917	5001
7919	7590
7920	6916
7939	5077
7955	5319
7968	7657
7969	8341
7975	5417
7980	5040
7983	6579
7984	5210
7993	7659
7997	5868
8010	5488
8016	5122
8024	8360
8027	5391
8029	8147
8069	8942
8085	5580
8090	5800
8115	5193
8116	5210
8124	5359
8124	5629
8125	9163
8126	5781
8129	5488
8130	5200
8131	6801
8132	7829
8132	7870
8133	6948
8134	6540
8134	8647
8135	5303
8138	5005
8139	5547
8140	6348
8141	6412
8142	7666
8144	5849
8147	5940
8149	5009
8149	5156
8151	6523
8157	6582
8164	9695
8165	5048
8168	5054
8171	5242
8172	5785
8173	8137
8176	7510
8177	5175
8183	5093
8183	9461
8193	8222
8201	6459
8202	7209
8209	7909
8226	8190
8243	6249
8245	5031
8248	6399
8250	8918
8256	5088
8262	6804
8282	5178
8283	6577
8290	5326
8290	6683
8290	7581
8301	5024
8325	5004
8327	7089
8331	7349
8334	5166
8335	5098
8337	5091
8348	7682
8361	5976
8362	5644
8372	7968
8383	7672
8400	9374
8404	6258
8412	5026
8420	5059
8437	5079
8437	6278
8439	5183
8448	5625
8449	5201
8452	5645
8466	9218
8473	5480
8479	5011
8488	9033
8495	5353
8498	5060
8517	5175
8517	7822
8538	9140
8588	5398
8593	6601
8603	8730
8605	6406
8661	9828
8698	9317
8715	6428
8726	8760
8749	5705
8750	7350
8751	7070
8752	5900
8752	7363
8752	7516
8752	9706
8753	5317
8754	5019
8757	6899
8759	5032
8760	5956
8760	9721
8765	9204
8776	4999
8780	5849
8786	8776
8788	5937
8790	5433
8791	5025
8791	5703
8796	9086
8828	7501
8829	8216
8830	5038
8837	5649
8839	5705
8839	7696
8840	8961
8848	5005
8852	5866
8868	9340
8880	8151
8886	6413
8906	5002
8907	5061
8908	9161
8919	8202
8920	6923
8925	6396
8926	7503
8928	5175
8930	8969
8935	6643
8935	6840
8945	6440
8947	5020
8947	6679
8948	6367
8975	6595
8985	5826
8996	5163
8998	6041
9003	9452
9009	5120
9015	5843
9033	8989
9037	7667
9047	5805
9051	5745
9062	5948
9062	6929
9062	9502
9063	9010
9064	5632
9070	5790
9072	7817
9072	9714
9081	6376
9081	7192
9081	8829
9083	6147
9094	5044
9140	6285
9141	7538
9147	5967
9150	7891
9169	5863
9293	8217
9307	6289
9311	5473
9371	7656
9374	6573
9375	7826
9380	5744
9386	5123
9389	6645
9399	6603
9399	7281
9401	5101
9413	6738
9424	6879
9433	6576
9437	5792
9453	5956
9455	6896
9457	7812
9473	5002
9491	7248
9492	5951
9493	5654
9524	5668
9531	8775
9533	5182
9533	6757
9534	6426
9552	9457
9560	5800
9616	6250
9622	5956
9687	8516
9687	9865
9692	6133
9697	9228
9703	8968
9704	5198
9706	7247
9731	6595
9780	8760
9788	9195
9863	7180
9887	7789
9922	5200
9933	8875
9962	5116
0	2523
0	2604
0	2656
0	2660
0	2970
0	3398
0	3458
0	3593
0	3791
0	4065
0	4248
1	2806
1	2815
1	4419
2	2500
2	2748
2	2754
2	2970
2	3051
2	3287
2	3461
3	3030
3	3288
3	3405
3	3995
4	2514
4	2651
5	2501
5	2504
5	2577
5	3174
5	3509
5	3927
6	2673
6	3825
6	3869
8	2643
8	3970
10	2543
10	2696
10	4493
10	4715
11	2674
11	2832
11	4220
13	2612
13	3241
14	2554
14	2861
14	3359
14	4096
14	4307
15	3541
15	4421
16	2841
17	2842
17	4067
20	2740
20	2912
20	3466
20	3798
21	2855
21	4307
22	2714
22	2851
22	2922
22	4091
22	4416
24	3908
25	2601
25	2699
25	2972
27	3440
28	2562
30	2668
30	3165
31	2580
31	2668
32	3380
33	2776
33	2812
34	4943
36	2540
39	2504
39	2675
39	2695
41	2833
41	3906
41	4233
42	3887
42	4073
43	3173
43	3842
45	2734
45	3140
46	3808
47	2906
47	3989
49	2638
49	3027
50	2509
50	3134
51	2977
53	4553
55	3184
59	2864
59	2895
59	3307
60	2519
60	2902
60	3847
61	3213
61	3910
63	4389
64	2542
64	2579
65	3127
69	2592
69	4611
70	2502
71	4860
78	2548
78	2949
78	3046
78	4169
78	4531
78	4688
79	3058
79	3437
80	3124
80	3495
80	3637
81	2544
81	3851
82	2717
83	4246
83	4695
84	2564
84	2812
84	4590
86	4420
88	3144
88	3790
88	4474
89	3135
89	3340
91	3312
94	3129
95	2700
96	2831
98	3051
99	3286
102	3218
103	3188
103	3303
104	2662
105	3586
108	2521
108	2537
110	2712
110	3679
110	3754
111	3144
112	3290
113	3602
114	3593
117	2578
117	3124
117	3796
117	4687
118	3171
119	3764
120	2519
122	2614
122	2812
122	4784
123	2660
124	2817
124	4186
125	3847
127	2820
128	2677
128	2735
128	2974
132	2560
133	2698
133	3487
138	2891
141	2695
143	4101
144	3797
144	4788
152	2750
156	2532
156	2658
157	2509
158	2906
158	3554
158	4109
158	4791
159	2509
159	3984
160	3207
161	2814
161	4728
163	2585
163	3210
164	2618
164	4242
166	3500
166	4064
167	2501
167	3218
167	3365
167	3478
169	4120
170	3139
171	3134
172	2743
172	3788
174	4600
176	3187
176	3908
176	4697
176	4705
178	2539
178	3857
178	4013
181	2992
182	2857
183	4163
185	4429
186	3301
186	3437
186	4449
189	3066
189	3227
191	2974
197	2524
197	2909
197	3827
197	4766
198	3147
198	3749
199	3754
200	2817
202	2696
206	4207
213	3207
215	3375
216	4380
219	3027
219	3137
220	3305
225	2734
225	3312
235	3178
235	3476
235	3906
236	2538
236	4789
239	3249
240	3456
241	3134
241	3874
254	2562
255	2909
255	3951
256	3749
257	3840
261	3046
264	2500
264	2501
264	3442
270	2902
271	3600
282	2986
283	3047
284	2723
288	4695
294	2861
296	3447
313	2499
313	2580
313	2814
313	2900
313	3165
313	3642
314	2569
314	2902
314	4640
315	2665
315	3483
316	2855
316	3007
316	3078
316	3541
316	3749
318	2546
318	2881
318	2892
320	2499
320	2502
322	4189
322	4424
323	2907
324	2499
324	3906
326	4498
327	2499
327	3056
329	3047
331	4037
331	4709
332	2540
332	2620
332	3722
334	2522
335	2997
335	3447
336	2548
337	2578
337	2618
338	3107
343	2665
347	3915
349	2519
349	3262
352	2516
352	2885
352	2891
354	2587
354	3241
354	4120
355	2538
355	4693
357	3005
357	3458
357	3846
357	4550
358	2551
358	3364
359	3847
367	2537
367	3135
369	2734
370	3139
373	3365
373	3764
376	2988
376	3926
377	2573
378	3196
391	2600
391	3283
393	2537
393	3204
393	3411
393	3595
393	4455
394	2867
394	3125
394	3135
394	3360
394	3617
396	2704
396	2900
399	4380
400	2511
402	4726
403	2818
403	3783
412	3170
414	2675
420	3467
421	3134
430	2578
432	2580
433	2656
433	2812
433	3210
437	2526
440	2750
446	3010
449	3788
450	3154
451	2514
458	2817
462	3131
470	3203
471	2757
471	3480
472	2519
473	2773
473	3869
473	4121
474	2854
474	3760
476	2750
476	2894
479	4770
484	3313
486	3531
487	3130
488	2891
488	3035
490	3924
501	2700
501	4376
509	3843
510	3138
510	3928
514	2719
521	3129
523	2836
530	2537
530	3058
535	2911
537	2960
538	4159
547	3486
549	3827
552	2662
555	2612
564	2674
568	4007
569	3483
570	3502
573	2510
576	3487
589	2794
593	2517
595	3931
596	4181
601	4103
609	2587
626	2657
626	2813
626	3149
626	3625
626	3921
627	2512
627	3127
627	3128
627	4282
630	4355
630	4570
631	2502
631	2538
631	2559
631	2700
631	3147
631	3906
634	2991
634	3088
634	3398
634	3483
635	2501
635	3320
635	3764
636	2590
637	2637
637	2679
637	4042
640	3247
642	2970
643	3144
645	2692
645	3129
645	3265
645	3887
646	2568
647	3772
648	4728
648	4806
649	3769
649	3882
649	4736
651	2502
654	2582
656	2543
657	2604
657	4420
658	2604
659	2857
662	4767
664	2618
665	3449
665	3749
667	3871
669	3798
670	3437
679	2556
679	3204
684	4073
686	4377
688	3257
690	4532
692	3523
693	4153
703	2637
703	3831
704	2499
704	4145
706	2499
706	3124
708	3569
709	2592
710	4560
712	4355
714	3391
715	4067
718	3679
723	2501
724	3544
725	3984
726	3757
730	2587
732	3027
732	4533
742	3730
743	2715
743	4452
744	2540
752	3134
754	2543
757	2591
781	2676
781	3921
784	4073
785	2540
786	2602
786	3281
786	3907
786	4126
787	3945
788	2825
789	2505
789	3206
790	2817
790	2991
791	2619
793	4140
796	3448
796	3936
798	4176
799	2922
802	3136
802	3141
802	3749
804	3168
806	2594
812	2507
812	2872
814	2507
818	3632
820	3010
821	3752
822	2658
823	3366
823	3534
826	4238
829	2928
831	4228
834	2747
851	2643
856	2940
859	2715
859	3869
860	2597
860	3456
861	2754
861	2970
861	3828
862	2678
865	2683
866	3241
867	2563
869	2717
872	2558
873	2851
880	3137
881	2817
883	2519
900	2735
901	2677
918	3797
937	2582
938	2544
938	2667
939	2590
939	2668
939	3164
939	3284
939	4063
943	3682
945	2695
948	2831
951	2529
951	3149
956	3179
958	2616
958	2745
958	4042
958	4341
961	2814
962	2565
962	3126
962	3135
965	2832
967	2521
968	4453
972	3285
976	2632
978	4571
980	2656
980	3832
981	2890
984	4073
986	2892
986	2994
986	3769
995	3813
996	2602
1017	2618
1017	3752
1020	3210
1024	3585
1026	3677
1027	2737
1029	2831
1036	4078
1048	3906
1056	4493
1069	3288
1074	2500
1088	2643
1094	2499
1094	3135
1094	3593
1095	3907
1096	2621
1099	3124
1104	2832
1113	2887
1113	3760
1128	4111
1141	2531
1141	2822
1172	2876
1174	2705
1177	2584
1180	3162
1185	3832
1192	3785
1194	2743
1195	3461
1196	3998
1211	4103
1250	2547
1250	3935
1250	3953
1250	4092
1250	4129
1250	4143
1252	3147
1252	3295
1253	2501
1253	2581
1254	4492
1255	3829
1255	4838
1256	2836
1257	2632
1259	4631
1260	2825
1260	3064
1260	4454
1261	2511
1261	2599
1262	2900
1264	3359
1264	4278
1267	3241
1267	3414
1269	2586
1269	2901
1269	3752
1271	2656
1271	3909
1272	4863
1273	3191
1274	3144
1277	2819
1281	4689
1283	3130
1289	4274
1291	3285
1291	3679
1292	4081
1294	3188
1294	4616
1294	4745
1296	2550
1296	3916
1296	4492
1297	3408
1297	3907
1303	2560
1307	2555
1307	3437
1308	2661
1308	3213
1311	3132
1311	3438
1314	4307
1317	4611
1319	3750
1320	2626
1328	2573
1328	3207
1329	2866
1329	4376
1332	2513
1332	3442
1332	3843
1334	2504
1335	2509
1336	4689
1337	4798
1338	2529
1338	2568
1338	4164
1339	4385
1340	2578
1343	2812
1347	2512
1348	4532
1356	2587
1357	3300
1367	3976
1368	2519
1368	4346
1369	2529
1370	3942
1372	3160
1372	3759
1373	2832
1378	3781
1380	2665
1382	2742
1389	2756
1391	3437
1396	4699
1406	2974
1406	3290
1410	3403
1410	4472
1413	4322
1416	4381
1416	4866
1417	2812
1417	4687
1418	2763
1419	2524
1421	3301
1426	2522
1431	2761
1435	2972
1446	3146
1446	3217
1446	3809
1450	3496
1451	3152
1455	3384
1456	3971
1458	2656
1465	4220
1470	4548
1479	2907
1481	3525
1486	2620
1496	2995
1504	2675
1521	2560
1527	2908
1533	2508
1533	3751
1560	2893
1562	2504
1562	3175
1563	3838
1564	2546
1564	4531
1565	2745
1566	3996
1573	2548
1574	2626
1577	3674
1578	4074
1582	2677
1582	2696
1582	2819
1583	4738
1585	2829
1585	4784
1587	3947
1588	2902
1593	2660
1601	2814
1601	4223
1604	2540
1604	3594
1604	4223
1606	2798
1606	2895
1607	2833
1610	3951
1611	2781
1613	3128
1621	2931
1626	2698
1641	3832
1641	4638
1644	4004
1646	3486
1651	3194
1651	3523
1652	3920
1663	3478
1668	4086
1679	3750
1680	4028
1696	4874
1699	2911
1701	2540
1701	2768
1708	3769
1711	2507
1715	3833
1718	2568
1719	2892
1729	3437
1732	3805
1732	4941
1739	2890
1740	3793
1743	2546
1750	3207
1757	4731
1764	4441
1767	3147
1793	3137
1796	2627
1796	2836
1797	3913
1798	4112
1799	2718
1800	2581
1806	2689
1807	2814
1820	2754
1834	2549
1836	4438
1853	2507
1856	3788
1875	2608
1875	2703
1875	2999
1877	3786
1878	4067
1879	3222
1879	3821
1881	2710
1882	2581
1884	3361
1884	3840
1885	2499
1886	3359
1888	2582
1892	2519
1893	2715
1895	2584
1895	2592
1897	3867
1897	4091
1900	3011
1901	3427
1914	3262
1914	3984
1914	4730
1915	4233
1923	3187
1923	3593
1923	3776
1924	4393
1933	2974
1933	4572
1939	3833
1948	2505
1949	2971
1953	2546
1954	3185
1954	3210
1955	2902
1959	3946
1961	4083
1962	2580
1962	3442
1964	3128
1967	2709
1967	3170
1987	3952
2000	4592
2011	2890
2015	3810
2031	2682
2031	3756
2031	4271
2033	3086
2036	2552
2039	2583
2039	4063
2041	2989
2043	3868
2048	4316
2050	2558
2062	4545
2067	4502
2072	3917
2072	4499
2073	2817
2073	4458
2077	3334
2089	2553
2109	2685
2109	4950
2111	2930
2111	4269
2133	3126
2187	2509
2187	2578
2187	2602
2187	2833
2187	2975
2187	3834
2188	2656
2189	3753
2192	2695
2192	2812
2192	2829
2192	3539
2195	3369
2196	3829
2198	2587
2200	2990
2209	3349
2231	3246
2232	3770
2236	3757
2246	3795
2247	4903
2256	2657
2265	2818
2268	3925
2274	3281
2277	3764
2281	3460
2308	2577
2311	4147
2315	2822
2325	3918
2343	4411
2347	2771
2348	3945
2349	2988
2360	2531
2363	2565
2390	2503
2393	3341
2424	2912
2433	3199
2473	2734
0	117
0	240
0	358
0	399
0	402
0	647
0	987
0	994
0	1251
0	1252
0	1261
0	1432
0	1515
0	1607
0	1738
0	1740
1	42
1	160
1	163
1	413
1	488
1	1250
1	1413
1	1660
1	1958
1	2206
2	66
2	111
2	196
2	628
2	791
2	881
2	1281
2	1446
2	1928
2	2144
3	8
3	91
3	109
3	117
3	121
3	156
3	162
3	177
3	357
3	394
3	453
3	626
3	664
3	762
3	1016
3	1389
3	2187
4	11
4	1252
5	92
5	159
5	180
5	246
5	422
5	861
5	1314
5	2104
5	2187
6	50
6	402
6	684
6	928
6	1293
6	1923
6	2198
7	1923
8	33
8	313
8	458
8	1300
8	1973
9	2
9	326
9	630
9	865
9	1956
9	2105
10	337
10	552
10	674
10	887
10	1250
10	2119
11	22
11	25
11	391
11	490
11	830
11	1318
11	1568
11	1889
11	2209
12	158
12	196
12	879
12	1640
13	481
13	714
13	787
13	978
15	160
15	162
15	398
15	1591
15	1916
16	1886
16	2311
17	33
17	2031
18	1018
20	11
20	160
20	636
20	979
20	986
20	1250
20	1596
20	1723
20	1875
20	1914
20	2170
20	2192
21	139
21	329
22	25
22	352
22	412
22	460
22	1253
22	1932
22	2109
22	2246
23	656
23	801
23	2200
25	0
25	78
25	178
25	281
25	875
25	2158
26	10
26	64
26	78
26	318
26	716
27	319
27	500
28	396
30	6
30	25
30	39
30	80
30	142
30	158
30	319
30	676
30	1301
30	1462
30	2256
31	40
31	117
31	318
31	327
31	335
31	479
31	1041
34	83
35	947
36	415
37	97
37	510
39	364
39	635
39	1729
39	2226
40	9
40	194
40	205
40	1340
41	135
41	513
41	786
41	996
41	1648
41	1661
41	1943
42	2
42	10
42	103
42	199
42	318
42	357
42	714
42	791
42	1408
42	1719
42	2328
43	1998
44	547
44	667
44	684
44	1631
44	1704
44	1917
44	2114
45	55
45	1510
47	156
47	323
47	413
47	569
47	750
48	2075
49	177
49	527
49	942
49	1352
49	1876
49	2350
50	196
50	260
50	342
50	430
50	627
50	1255
50	1982
51	118
52	158
52	674
52	1256
52	1817
53	2217
54	706
55	1058
55	1778
56	655
56	689
57	138
57	1486
58	42
59	214
59	473
59	551
59	1818
59	2144
60	161
60	1507
60	1980
61	2402
62	1956
64	473
64	703
64	805
64	1328
67	23
69	7
69	260
69	1601
70	801
72	1377
72	1921
74	1302
76	1350
78	177
78	208
78	632
78	724
78	1562
78	1613
78	1827
79	750
79	782
79	1266
80	31
80	187
81	254
81	484
81	791
81	1084
81	1436
82	792
82	2033
83	8
83	10
83	852
83	880
83	1629
83	1882
83	1959
84	671
84	718
85	575
86	51
86	631
86	828
86	1269
87	336
88	315
88	1411
88	1878
89	674
89	2117
90	108
90	847
91	1875
92	645
92	1224
92	1573
93	472
93	713
93	1917
94	691
98	321
98	430
99	156
99	332
99	703
99	761
99	792
99	895
99	1291
100	14
100	49
102	627
103	34
103	158
103	678
103	1604
104	6
104	109
104	1894
105	530
106	105
106	1300
108	320
108	333
108	385
108	2031
109	80
109	1252
111	157
111	1776
113	527
117	12
117	255
117	376
117	704
117	787
118	0
118	884
118	1018
118	2265
119	69
119	241
120	147
120	155
120	470
122	11
122	318
122	1640
123	45
123	1319
124	1264
124	1378
127	30
127	158
127	865
127	1338
127	1567
127	1914
128	41
128	322
129	703
130	7
130	84
130	313
131	395
133	156
133	559
133	1160
133	1956
137	11
137	277
137	1290
138	403
139	313
141	1250
142	0
142	332
142	1272
145	100
147	372
147	1486
152	367
152	675
156	11
156	178
156	188
156	203
156	335
156	397
156	762
156	1251
156	1294
156	1962
156	2231
157	8
157	164
157	352
157	942
158	9
158	83
158	117
158	238
158	797
158	1583
158	1660
159	13
159	59
159	376
159	899
159	1106
159	1621
160	940
160	1046
160	1301
161	13
161	100
161	158
161	1566
161	1906
163	11
163	260
163	548
163	1182
163	1487
163	1955
164	13
164	510
164	762
164	1297
164	1729
164	1965
166	176
166	196
166	680
166	1041
167	20
167	59
168	758
169	1526
170	196
170	348
170	1019
171	782
171	1408
171	1411
172	2194
173	684
174	11
176	23
176	748
177	41
177	127
177	396
177	944
177	1641
177	2104
178	1299
178	1343
179	1261
181	45
182	333
183	34
183	1417
184	1796
186	61
186	93
188	1875
190	1372
191	1760
193	259
195	288
196	20
196	159
196	1116
196	1504
197	8
197	25
197	708
198	89
200	361
200	648
200	659
200	1253
200	2348
202	25
203	78
203	2422
205	637
205	1438
206	23
206	1338
208	198
208	1277
211	1408
211	1958
214	7
215	672
216	632
217	1250
220	1261
221	31
224	154
225	737
225	1192
225	2313
226	274
226	771
228	179
235	27
235	557
235	1264
235	1328
235	1331
235	1567
236	1349
238	2050
240	80
241	1279
241	1904
241	1953
242	259
242	635
243	919
244	84
244	950
246	331
246	1379
247	903
248	2230
249	627
252	552
254	2455
255	249
255	338
259	1260
259	1410
259	1583
260	2402
262	768
264	158
275	162
276	3
277	1002
279	164
279	191
279	244
280	6
282	479
283	1601
285	161
286	26
286	1973
293	61
294	785
294	1884
296	1485
299	91
305	180
305	996
308	646
308	785
313	3
313	6
313	11
313	13
313	174
313	977
313	1250
313	1251
313	1280
313	1338
314	163
314	479
314	801
314	1793
315	35
315	120
315	238
315	313
315	592
315	899
315	1568
316	91
316	93
316	176
316	984
316	1777
318	5
318	120
318	789
318	986
318	1886
318	2267
319	98
319	764
319	1300
320	344
321	452
321	878
322	216
322	397
322	2422
323	353
323	665
323	798
323	2130
324	78
324	158
324	347
324	1274
325	713
327	587
329	1565
330	113
330	1563
331	563
332	91
332	790
332	1258
332	1266
332	2280
333	3
333	957
333	1612
334	127
334	645
335	22
335	571
338	41
338	952
338	1915
339	1684
342	20
342	352
342	1086
343	2207
344	156
344	333
344	2305
345	625
345	1735
346	39
347	362
347	706
350	156
352	69
352	1329
352	1935
354	0
354	793
354	1135
355	197
355	1256
356	765
357	509
357	940
357	1255
357	1260
361	700
361	1001
361	1875
363	571
365	237
365	1048
366	629
367	142
369	176
371	588
371	733
371	1329
371	1338
372	1443
374	8
376	2042
378	1465
380	314
382	50
382	147
382	664
384	412
388	315
391	11
391	158
391	1407
391	1523
391	1702
391	1836
391	1958
391	2411
392	554
393	30
393	198
393	664
393	2119
393	2220
394	983
394	1177
396	0
396	163
396	284
396	1285
401	5
401	240
402	315
403	53
403	354
404	117
407	255
407	631
408	67
408	167
410	412
410	2187
413	380
415	101
415	783
415	944
416	335
418	103
419	793
420	84
423	2170
425	19
430	316
430	1505
430	1648
430	1925
431	261
432	81
432	237
433	0
433	5
435	2120
437	340
437	429
437	712
438	1914
440	651
440	1330
441	28
441	937
442	1329
443	637
449	412
450	2102
451	2016
462	1294
465	200
469	0
469	219
469	947
469	1094
469	1588
470	1846
471	3
471	121
471	321
471	1100
472	1969
474	32
474	67
474	98
474	382
474	976
476	25
476	1611
476	1868
478	1366
479	372
479	405
481	1282
481	1362
482	991
482	1975
484	315
484	770
484	2432
486	2076
490	353
490	362
490	432
491	610
491	2363
493	1259
493	1261
494	1314
496	11
496	669
498	685
498	1668
498	1975
499	171
499	989
508	1269
509	1899
511	1399
513	81
514	245
518	279
523	1923
524	1879
528	32
528	43
528	514
529	1876
531	242
531	665
533	831
535	1616
537	1094
537	1662
540	1894
542	1416
546	480
547	33
547	170
548	523
549	279
549	1942
550	2036
551	177
552	78
552	398
552	1877
553	674
557	859
557	1375
560	549
561	211
567	105
571	89
576	59
578	1260
586	485
588	469
588	1557
591	163
591	1382
591	1884
593	508
596	715
596	1279
609	2158
610	6
610	397
612	496
615	159
616	50
616	1671
625	59
625	239
625	336
625	1801
626	59
626	120
626	812
626	1046
626	1259
626	1387
627	78
627	552
627	626
627	677
627	759
627	1579
627	1612
627	1892
627	1921
629	1096
630	119
630	328
631	0
631	1094
631	1269
632	469
632	1563
632	1591
632	1917
633	1411
633	1954
633	2424
634	334
634	629
635	26
635	52
635	183
635	556
635	710
635	950
635	962
635	1323
635	1386
636	170
636	699
636	1289
636	1485
637	1358
637	1808
637	2060
638	47
638	275
640	39
640	158
642	432
642	784
645	2
645	41
645	92
645	117
645	197
645	638
645	664
646	416
646	1353
646	1440
646	1958
647	172
647	645
647	1269
647	2212
648	2
648	1582
649	0
649	47
650	2226
651	490
653	2210
654	182
654	1498
654	1836
656	339
656	357
657	1
657	476
659	1890
662	53
662	160
662	1934
662	2031
663	188
664	352
664	2131
665	660
665	1416
665	2034
667	25
667	178
667	745
667	1321
667	2129
668	475
668	797
668	1875
669	1432
670	1
670	1281
671	1347
674	972
674	2373
675	625
676	718
676	1291
678	152
679	220
680	45
684	79
684	326
684	1120
684	1604
685	852
686	2
687	6
690	1406
692	50
692	1577
693	625
693	802
694	286
695	703
696	784
697	64
697	86
697	508
698	854
699	637
703	1250
704	398
704	520
704	1268
704	1914
706	0
706	42
707	675
707	689
707	1351
708	801
708	1584
709	1362
712	665
712	1504
712	2345
713	73
713	127
713	670
713	1685
713	2344
714	674
714	2346
715	422
716	13
716	832
717	21
718	625
721	2189
723	216
723	274
724	571
724	1330
724	1460
725	860
726	91
726	667
726	1639
729	260
729	1609
730	5
732	2031
733	1607
734	1448
735	5
736	2116
737	157
739	59
739	371
740	1303
742	176
743	397
743	1511
746	469
746	1487
748	665
754	1668
759	398
760	596
763	103
763	320
763	2041
764	100
768	1257
778	132
781	6
781	163
781	625
781	626
781	2072
782	1141
782	1418
784	259
784	627
784	953
785	1289
785	1864
785	2095
786	362
787	316
787	1024
789	633
789	1954
789	2032
790	63
790	80
790	803
791	63
791	361
791	1289
792	558
792	626
792	1177
793	811
794	2123
795	0
795	486
797	59
801	391
801	671
802	1066
802	1341
804	437
807	15
807	1925
808	412
811	84
811	806
812	236
814	1294
815	413
822	13
823	1885
824	1894
825	17
825	1023
825	1096
825	1679
826	55
826	367
826	1723
826	1739
828	131
829	1875
831	50
835	1252
835	1875
840	196
840	403
840	492
845	576
854	199
857	2191
859	121
859	557
859	1252
861	391
861	1953
862	325
862	383
865	176
865	361
867	369
868	1519
870	1060
870	1278
872	724
873	320
879	1812
880	218
881	89
889	776
898	357
898	1322
900	20
900	762
901	2063
903	1573
904	1408
906	162
907	2073
911	1992
921	693
922	1250
925	1221
925	1290
933	1557
937	178
937	785
937	959
937	1300
937	1572
937	1774
937	2076
938	39
939	435
939	651
939	940
939	1017
939	1879
940	158
940	919
940	1970
942	789
942	1596
944	1250
944	1271
945	314
947	1258
947	1962
948	5
948	681
948	1432
950	124
955	80
955	81
957	42
957	164
959	416
959	1723
961	5
962	20
962	696
962	1430
963	221
963	275
964	625
964	678
965	352
965	1491
976	102
976	328
976	357
976	565
976	2041
977	83
977	1264
978	2311
979	44
981	628
981	1695
982	332
982	1792
982	2093
984	84
984	469
986	714
986	1807
989	2
989	1573
991	14
992	393
992	957
996	1262
997	31
997	439
998	615
1001	20
1004	2271
1009	49
1011	100
1011	157
1016	16
1016	167
1016	801
1016	1308
1016	1505
1016	1875
1017	270
1017	645
1017	949
1018	160
1018	2192
1019	2072
1020	826
1020	875
1020	2080
1022	1548
1023	1272
1026	654
1028	1095
1029	402
1030	25
1031	21
1035	488
1035	1914
1039	1329
1041	2122
1044	3
1047	1274
1055	5
1055	637
1057	962
1059	2211
1059	2421
1062	1563
1067	26
1067	336
1073	1994
1075	78
1084	259
1094	27
1094	200
1094	989
1094	1445
1094	1566
1094	1616
1095	156
1097	39
1097	157
1097	750
1098	48
1098	1411
1100	1584
1102	721
1103	406
1105	629
1107	315
1110	1875
1112	1596
1113	477
1113	735
1116	128
1116	393
1118	217
1119	2041
1134	1357
1140	11
1140	39
1142	22
1152	2134
1153	1431
1155	1252
1155	2344
1172	662
1172	1251
1173	322
1174	397
1180	440
1181	8
1181	502
1189	645
1193	811
1194	631
1196	20
1197	354
1208	1446
1211	2070
1216	313
1216	2383
1222	313
1223	27
1225	1963
1228	221
1250	0
1250	5
1250	85
1250	94
1250	169
1250	275
1250	318
1250	469
1250	549
1250	626
1250	1328
1250	1349
1250	1919
1251	25
1251	110
1251	635
1251	789
1252	355
1252	672
1252	888
1252	1269
1252	1374
1253	2269
1253	2304
1254	20
1254	161
1255	3
1255	157
1255	469
1255	978
1255	1344
1255	1566
1256	39
1256	336
1257	235
1257	706
1258	11
1258	615
1260	0
1260	5
1260	20
1260	172
1260	273
1260	668
1260	792
1260	852
1260	943
1260	1371
1261	22
1261	117
1261	966
1261	2197
1263	23
1263	665
1264	332
1264	548
1264	2275
1266	366
1266	745
1267	734
1267	1289
1269	89
1269	508
1269	852
1269	1775
1269	1804
1269	2102
1270	100
1270	744
1271	159
1271	448
1271	742
1271	1199
1271	1253
1272	564
1272	989
1274	581
1275	1649
1276	668
1277	0
1277	640
1277	1424
1277	1933
1277	1962
1278	403
1278	1360
1279	128
1279	382
1279	472
1280	822
1283	627
1285	1379
1286	357
1289	125
1289	157
1289	447
1289	696
1289	860
1289	1016
1290	9
1290	319
1290	1391
1291	633
1291	1016
1291	1145
1291	1310
1292	1650
1292	2248
1292	2460
1294	608
1294	636
1294	664
1295	1739
1295	2007
1297	976
1297	1577
1299	460
1299	1045
1300	21
1300	1330
1300	1929
1303	159
1305	947
1306	10
1308	12
1308	313
1308	401
1309	22
1309	354
1310	413
1310	1685
1313	1
1313	177
1313	2464
1315	176
1317	391
1319	1918
1328	86
1328	656
1328	1343
1328	1768
1329	329
1329	1289
1329	1523
1329	1569
1329	1646
1330	1879
1330	2193
1331	275
1331	789
1332	685
1332	1094
1332	1282
1332	1567
1332	1745
1332	2193
1333	316
1333	393
1333	1682
1333	2224
1334	374
1334	490
1335	2383
1336	334
1337	358
1338	202
1338	2033
1339	1930
1340	316
1341	99
1342	2012
1342	2343
1343	6
1343	647
1343	1410
1344	1426
1346	1222
1347	1250
1347	1629
1347	2371
1349	23
1349	340
1349	1887
1350	62
1350	156
1350	859
1352	676
1352	1094
1353	5
1357	59
1360	1484
1362	1406
1366	258
1367	161
1367	712
1368	86
1368	538
1368	1152
1370	472
1370	2217
1372	518
1372	645
1375	2038
1377	2404
1378	940
1382	5
1382	1822
1386	391
1393	208
1395	674
1396	957
1396	2360
1398	632
1399	119
1399	1563
1406	27
1406	343
1406	669
1406	861
1406	1592
1407	42
1407	318
1407	527
1407	552
1407	647
1407	704
1407	815
1407	1387
1408	81
1408	712
1408	723
1408	1490
1410	169
1410	1045
1411	127
1411	1329
1411	1484
1412	1939
1413	476
1414	332
1414	1426
1415	317
1415	2156
1416	639
1416	946
1416	1412
1416	1567
1416	1738
1417	259
1417	1859
1418	1284
1418	2138
1423	803
1424	2188
1426	178
1426	346
1426	484
1426	627
1426	1304
1426	1421
1427	25
1427	243
1427	941
1427	1329
1428	1572
1429	1877
1430	431
1430	1008
1432	551
1433	706
1438	791
1445	201
1445	1334
1446	796
1446	1256
1448	879
1450	2
1450	2189
1451	163
1451	2399
1454	391
1455	80
1456	1820
1465	324
1465	653
1465	1368
1468	640
1475	824
1484	2307
1485	707
1487	708
1487	1887
1488	2187
1489	196
1489	1338
1490	274
1492	479
1494	36
1494	1056
1494	1077
1495	254
1496	315
1497	1338
1497	2294
1500	313
1501	525
1504	541
1504	1778
1505	1516
1512	1579
1516	1517
1516	1703
1521	531
1523	163
1523	1402
1525	1679
1526	881
1528	645
1529	675
1535	787
1544	11
1545	22
1545	318
1545	497
1559	1410
1562	44
1562	1333
1562	1447
1562	1862
1563	23
1563	132
1563	172
1563	1485
1563	1877
1563	2070
1564	402
1564	1655
1565	178
1565	752
1565	807
1565	1328
1565	1410
1567	2004
1568	981
1568	1480
1569	2031
1570	629
1571	1635
1572	1762
1574	92
1574	491
1574	1455
1575	1294
1576	723
1577	630
1579	1487
1580	570
1582	6
1583	182
1585	1274
1585	1572
1586	1582
1587	78
1589	834
1597	221
1601	7
1601	1931
1602	313
1602	322
1602	684
1602	709
1602	2190
1605	8
1605	947
1606	451
1606	1314
1608	1886
1610	1608
1611	259
1611	679
1611	768
1620	1177
1621	840
1621	1310
1629	1660
1631	1098
1632	1120
1635	153
1640	59
1640	99
1640	630
1640	1601
1641	99
1641	2315
1643	341
1643	1023
1643	1255
1646	186
1648	313
1659	684
1659	1335
1660	2
1661	1254
1663	352
1664	1995
1665	3
1665	1502
1668	1338
1670	3
1670	634
1672	382
1673	1446
1679	1289
1679	1753
1682	693
1684	1330
1684	1959
1684	2257
1685	167
1687	2275
1690	473
1699	1811
1700	1911
1701	1328
1718	15
1718	972
1718	1311
1718	1891
1719	1478
1720	1116
1721	21
1721	1260
1721	1582
1723	1270
1724	1330
1725	453
1725	806
1726	0
1729	1585
1730	948
1743	557
1743	706
1743	1455
1748	225
1748	790
1748	1020
1748	1571
1757	42
1758	327
1759	1235
1759	2221
1760	1269
1761	168
1762	22
1762	95
1762	138
1770	1492
1771	707
1778	45
1778	183
1778	859
1794	391
1796	314
1799	1506
1800	337
1806	709
1807	50
1841	1696
1842	2074
1846	290
1846	413
1850	156
1855	1303
1855	1609
1875	13
1875	130
1875	1141
1876	647
1876	842
1876	1251
1876	1444
1877	1594
1877	1875
1878	2192
1879	998
1879	1875
1880	646
1880	1115
1882	78
1884	420
1884	1420
1885	704
1885	1311
1886	117
1887	676
1889	735
1894	1320
1894	1427
1894	2314
1895	345
1895	1006
1895	1282
1897	367
1897	2031
1898	373
1900	746
1903	629
1904	1454
1905	1296
1912	1263
1915	337
1916	401
1917	648
1918	1250
1918	1289
1919	391
1920	1409
1921	1407
1923	85
1923	1505
1924	120
1925	1295
1926	433
1930	1250
1933	1703
1933	1915
1936	13
1938	119
1938	789
1939	392
1939	450
1943	325
1953	549
1953	1253
1954	41
1954	451
1954	1347
1956	1533
1957	640
1957	1970
1958	27
1958	137
1958	1508
1958	2150
1959	646
1961	1903
1963	1250
1964	1806
1965	1349
1967	349
1973	327
1975	460
1977	1133
1978	1323
1980	828
1992	158
1992	733
1992	1258
1992	1916
2003	13
2003	1213
2010	176
2018	1409
2026	100
2027	2
2028	100
2031	81
2031	479
2033	469
2033	782
2034	477
2036	1003
2039	171
2039	1295
2041	318
2041	1906
2053	708
2055	2195
2057	905
2070	2187
2071	1255
2072	706
2073	1458
2075	1487
2081	1961
2090	41
2090	235
2091	49
2095	42
2095	820
2096	1758
2100	1
2110	178
2110	1329
2121	723
2122	705
2126	630
2128	78
2128	150
2133	166
2143	1426
2148	1604
2153	771
2158	634
2159	979
2168	2041
2187	42
2187	313
2188	25
2188	237
2188	1718
2188	2425
2189	49
2189	1997
2190	641
2191	1270
2193	1445
2193	2424
2194	158
2194	1319
2199	236
2202	937
2205	1899
2207	169
2207	504
2207	1272
2208	707
2209	415
2210	39
2211	892
2218	20
2226	1878
2226	1899
2228	2372
2232	1953
2234	59
2236	1035
2241	40
2253	100
2263	159
2269	646
2270	2279
2271	44
2275	1997
2283	451
2286	169
2292	1451
2300	1264
2306	826
2307	1
2308	78
2343	2195
2344	54
2346	49
2346	365
2346	1275
2347	1270
2349	1954
2353	1626
2357	99
2363	85
2363	670
2364	34
2382	56
2383	1876
2386	52
2386	1260
2391	1741
2407	399
2411	178
2421	8
2423	1040
2423	1929
2441	78
2452	1961
2460	2072
2461	1432
2463	1875
2465	124
2466	1938
2482	1256
2499	0
2499	197
2499	1419
2499	1923
2500	22
2500	401
2500	1292
2501	0
2501	157
2501	484
2501	543
2501	654
2502	28
2502	98
2502	99
2502	318
2502	510
2503	1905
2504	257
2505	95
2505	320
2505	1416
2506	318
2507	667
2507	967
2508	1312
2509	3
2509	79
2510	521
2510	995
2510	1250
2510	1401
2512	957
2512	1875
2513	767
2513	1836
2514	250
2514	606
2514	1687
2515	172
2515	801
2516	319
2519	354
2519	713
2519	1423
2519	1525
2519	1582
2519	1926
2520	938
2520	1567
2521	1595
2522	25
2522	126
2522	342
2522	419
2522	1631
2523	1002
2524	2048
2525	377
2526	322
2526	959
2527	156
2527	684
2529	89
2529	1256
2530	1255
2531	1343
2533	2325
2538	0
2538	402
2538	1284
2538	1427
2538	1491
2538	1875
2538	1923
2538	2033
2539	253
2539	1008
2539	1418
2540	734
2540	781
2541	99
2541	249
2542	0
2542	706
2543	23
2544	156
2544	2274
2546	1133
2546	2034
2548	78
2549	1273
2551	5
2551	1342
2551	1491
2555	2222
2558	606
2558	1334
2559	11
2559	627
2560	120
2560	567
2561	1535
2562	319
2563	22
2565	414
2565	1594
2566	1267
2577	66
2577	820
2577	946
2577	1489
2577	1612
2578	34
2578	318
2578	1269
2579	0
2579	391
2579	1250
2579	1300
2579	1728
2580	315
2580	325
2580	1116
2580	2070
2582	157
2582	166
2582	1286
2582	1896
2583	606
2583	1579
2584	84
2584	944
2584	1603
2584	1816
2585	23
2585	318
2585	626
2585	753
2587	88
2587	325
2588	63
2588	569
2588	1075
2588	1572
2590	393
2593	81
2593	709
2595	1257
2596	164
2596	1563
2597	356
2597	938
2598	1820
2598	1876
2599	1297
2599	1602
2601	11
2602	1621
2604	50
2604	1252
2605	935
2609	320
2616	244
2616	765
2616	959
2617	109
2617	1642
2621	591
2622	224
2623	511
2632	786
2636	1336
2638	10
2642	2072
2643	158
2656	314
2656	784
2657	241
2657	1036
2657	1289
2657	1582
2657	1923
2659	276
2660	205
2661	710
2661	1427
2663	1184
2663	1956
2663	2041
2663	2316
2664	124
2665	354
2667	1379
2667	1593
2670	11
2670	1650
2671	166
2673	1914
2675	51
2675	1569
2676	1636
2676	1726
2679	986
2681	22
2682	326
2683	0
2684	1
2684	1972
2685	392
2685	783
2688	1353
2695	315
2695	793
2695	1318
2695	1838
2696	43
2696	606
2697	239
2697	325
2697	969
2697	1487
2702	379
2704	1328
2704	2350
2705	131
2706	316
2709	631
2709	747
2710	5
2710	470
2712	313
2714	448
2718	10
2720	1995
2721	931
2725	416
2728	1431
2729	394
2734	942
2734	1408
2737	291
2739	1505
2740	181
2740	1466
2743	283
2743	1411
2745	527
2746	47
2746	1912
2748	343
2748	684
2750	981
2753	92
2759	98
2759	2216
2763	723
2773	1416
2773	1648
2782	1200
2783	1250
2786	679
2787	949
2792	20
2792	944
2812	11
2812	221
2812	241
2812	640
2812	1041
2812	1052
2812	1357
2813	80
2813	321
2813	2305
2814	221
2814	284
2815	674
2815	1252
2815	1345
2817	640
2817	937
2817	1272
2818	23
2818	773
2819	63
2820	728
2822	80
2822	288
2824	499
2825	1884
2826	255
2827	1406
2828	424
2828	1179
2832	84
2833	606
2833	636
2834	1232
2835	238
2835	859
2836	61
2836	103
2837	163
2837	573
2838	308
2838	1308
2838	2480
2841	81
2841	1138
2842	742
2842	1252
2842	1260
2849	697
2851	397
2851	518
2851	687
2851	689
2851	1290
2853	610
2854	2163
2855	17
2856	1640
2856	1762
2872	723
2873	299
2874	352
2875	180
2875	1623
2876	745
2885	489
2890	530
2890	701
2891	588
2892	1307
2894	4
2895	1966
2900	476
2900	1311
2901	1523
2903	724
2908	156
2909	469
2911	161
2912	1568
2913	159
2913	840
2915	1001
2917	166
2923	1876
2929	47
2930	1181
2931	1252
2939	723
2939	1584
2940	959
2944	22
2950	2426
2951	1095
2953	781
2955	1338
2959	244
2964	565
2968	803
2968	2031
2969	161
2969	320
2969	338
2969	1362
2970	325
2970	401
2970	943
2972	2
2973	704
2974	65
2974	2325
2975	3
2977	1252
2978	420
2980	983
2983	174
2983	322
2984	1290
2988	379
2988	1701
2992	1507
2995	1898
3007	89
3009	1191
3012	664
3012	2070
3013	879
3016	1729
3018	63
3020	1699
3029	1726
3032	156
3037	113
3038	1761
3042	2243
3046	201
3046	2324
3047	317
3049	1038
3056	5
3057	2080
3062	801
3067	314
3067	559
3075	2056
3076	480
3085	182
3086	503
3096	8
3106	2160
3111	1407
3115	1252
3124	76
3124	119
3124	159
3124	471
3124	704
3124	957
3124	1041
3124	1433
3124	2111
3125	84
3125	164
3127	993
3127	1289
3128	27
3128	30
3128	487
3128	2449
3129	1601
3132	100
3132	1250
3134	161
3134	2070
3135	34
3135	725
3137	1219
3139	235
3140	165
3140	1469
3141	1876
3142	100
3143	548
3144	25
3144	34
3144	47
3144	783
3144	1250
3144	1329
3144	1485
3144	2114
3145	1676
3146	10
3149	100
3149	188
3149	1261
3150	21
3151	1294
3151	1885
3152	1688
3154	790
3155	522
3160	41
3160	1875
3163	1348
3164	2192
3166	549
3166	743
3166	1360
3166	1458
3167	0
3167	187
3168	1017
3169	196
3169	1793
3170	504
3171	39
3179	1884
3185	836
3185	1125
3185	1253
3187	2292
3193	112
3194	1094
3202	369
3202	625
3202	987
3202	1451
3204	1491
3206	196
3207	1413
3207	2119
3208	1589
3210	1410
3213	745
3214	313
3218	50
3222	291
3222	898
3223	97
3223	720
3226	245
3226	1621
3227	2197
3228	103
3233	8
3233	963
3235	67
3237	548
3241	1094
3244	459
3244	1908
3253	1585
3273	1260
3281	86
3281	762
3281	842
3281	1367
3283	13
3284	250
3285	1418
3287	523
3292	642
3293	104
3293	315
3293	1108
3293	1292
3293	1587
3303	1759
3304	2065
3305	206
3310	530
3318	723
3320	4
3320	484
3321	664
3321	1435
3330	332
3337	1895
3340	2
3342	499
3343	1333
3345	667
3346	1445
3347	354
3350	13
3359	161
3359	859
3360	183
3362	749
3362	1565
3364	78
3365	492
3365	1023
3368	13
3373	196
3376	1743
3379	61
3379	366
3379	828
3389	122
3398	1413
3404	486
3414	926
3418	25
3420	130
3437	1945
3438	784
3438	1772
3438	2041
3439	17
3439	239
3439	1992
3440	1266
3440	1338
3440	1595
3444	705
3447	1460
3448	172
3450	39
3456	419
3457	163
3457	679
3461	1685
3464	1640
3466	2063
3467	434
3467	459
3475	203
3476	1
3476	713
3477	20
3477	728
3477	996
3479	1876
3481	335
3486	1
3486	20
3486	88
3491	86
3495	479
3495	622
3495	1954
3497	2286
3498	749
3502	1959
3515	820
3515	1587
3515	1612
3516	1576
3517	362
3517	665
3517	1886
3519	1489
3520	171
3520	1250
3525	391
3530	197
3547	1660
3559	457
3564	216
3581	56
3591	911
3593	943
3593	959
3593	1953
3594	732
3595	324
3596	167
3598	1328
3600	1450
3602	470
3602	2271
3604	1422
3605	325
3614	365
3625	44
3625	2208
3635	30
3638	1591
3643	322
3643	1255
3657	1401
3699	531
3749	0
3749	8
3749	421
3750	872
3750	1422
3751	479
3751	484
3751	1250
3751	1299
3751	1724
3752	316
3752	1660
3754	110
3754	470
3754	551
3754	645
3754	686
3754	1427
3755	1348
3755	2145
3757	1016
3757	1416
3758	217
3758	395
3759	1609
3761	1602
3762	811
3764	1895
3769	1382
3772	95
3776	235
3777	166
3778	313
3779	1211
3781	1526
3782	324
3782	385
3787	1334
3788	0
3788	670
3789	181
3789	249
3790	27
3790	333
3790	1328
3791	241
3791	1297
3793	156
3793	656
3793	1602
3794	49
3801	1182
3803	35
3803	1329
3809	2032
3810	181
3812	44
3813	318
3814	676
3818	5
3818	1821
3818	1941
3820	684
3822	259
3827	100
3827	1603
3828	1967
3834	79
3835	8
3835	363
3835	483
3835	1526
3838	3
3838	1250
3840	394
3840	1269
3841	268
3845	118
3845	1352
3847	0
3847	1408
3853	1695
3857	192
3857	1583
3858	1757
3860	1331
3862	1260
3868	20
3868	357
3869	88
3869	1172
3870	156
3871	576
3871	2112
3877	70
3886	156
3891	260
3893	158
3906	120
3906	1902
3906	1956
3907	1602
3908	1631
3910	625
3914	743
3915	835
3916	790
3916	1446
3918	1875
3923	258
3928	202
3928	318
3928	718
3931	576
3932	1426
3946	1582
3946	1973
3948	138
3948	335
3954	9
3956	1111
3956	1282
3964	857
3986	1934
3987	215
3998	475
4004	74
4004	757
4004	1601
4009	1589
4013	222
4014	1724
4023	157
4023	1897
4028	1212
4033	59
4034	1771
4036	492
4039	645
4062	679
4062	786
4064	964
4064	1250
4065	1144
4067	115
4067	335
4072	435
4072	1123
4074	1334
4075	1340
4081	323
4082	313
4084	335
4087	1255
4091	49
4094	15
4101	1098
4102	2214
4103	1191
4103	1665
4117	1016
4122	108
4122	1250
4131	213
4137	660
4140	387
4140	1543
4141	1719
4142	108
4144	147
4145	20
4145	333
4149	1252
4150	1904
4152	64
4152	1743
4156	1445
4161	1300
4169	115
4175	2338
4177	1594
4179	1876
4180	420
4200	260
4206	2304
4218	21
4218	549
4219	626
4220	387
4220	1452
4222	1594
4223	3
4224	156
4225	84
4225	646
4227	2192
4239	955
4242	84
4244	1394
4245	1955
4247	340
4248	39
4250	8
4264	1
4284	103
4286	352
4323	158
4327	200
4355	1257
4356	630
4374	645
4374	1370
4374	1426
4374	1875
4375	279
4375	1856
4376	6
4376	1328
4377	161
4377	509
4377	1257
4377	1333
4377	1933
4378	340
4385	325
4388	81
4390	88
4394	488
4394	870
4396	742
4396	1094
4399	653
4399	1272
4401	0
4404	78
4404	258
4408	396
4408	1344
4413	56
4413	786
4416	167
4416	170
4416	2261
4417	637
4418	633
4419	2
4423	359
4423	360
4423	1421
4427	127
4433	450
4433	635
4438	958
4452	1722
4453	352
4458	338
4460	1361
4473	631
4477	687
4477	1273
4494	1254
4501	62
4513	408
4515	326
4518	1904
4531	25
4531	39
4532	120
4534	333
4543	84
4550	627
4553	394
4570	76
4570	1574
4575	132
4581	1
4581	196
4582	1011
4589	1344
4590	370
4610	657
4611	177
4614	48
4623	1289
4658	1387
4689	2358
4692	684
4697	5
4704	164
4705	159
4706	661
4709	1420
4727	1171
4736	767
4736	1250
4741	712
4741	873
4756	931
4760	1927
4762	691
4767	20
4774	143
4784	2177
4786	318
4793	520
4795	319
4814	147
4824	92
4830	1648
4843	1311
4844	1343
4849	113
4849	679
4849	1953
4853	1448
4872	1582
4875	648
4889	355
4893	1572
4894	483
4897	1452
4902	318
4913	588
4941	313
4965	1263
4999	176
4999	180
4999	199
4999	447
4999	1299
5000	722
5000	1531
5000	2085
5000	2783
5001	49
5001	196
5001	2812
5001	2981
5001	4374
5001	4736
5001	4882
5002	85
5002	130
5002	633
5002	1251
5002	1255
5002	1959
5002	2120
5002	2710
5002	3134
5002	3321
5002	3322
5002	3764
5002	4559
5003	230
5003	316
5004	47
5004	2500
5004	2580
5004	2930
5005	202
5005	1480
5005	1860
5005	2017
5005	3753
5005	4238
5006	0
5007	1825
5007	2518
5007	2740
5007	3454
5007	3596
5007	3820
5008	2920
5009	2
5010	161
5010	654
5010	881
5010	1529
5010	2031
5010	2978
5011	39
5011	89
5011	678
5011	731
5011	2503
5012	2
5012	5
5012	1578
5012	4129
5012	4492
5013	664
5014	489
5014	833
5014	941
5014	2246
5014	2541
5014	2843
5015	59
5015	2208
5015	2641
5015	2873
5016	316
5016	482
5016	586
5016	2366
5017	313
5018	120
5019	20
5019	369
5019	529
5019	552
5019	958
5019	964
5019	1287
5019	2041
5019	2574
5019	2656
5019	2663
5019	3422
5020	314
5020	654
5020	2039
5021	628
5021	969
5021	1172
5021	1887
5021	3125
5022	1095
5022	1342
5024	319
5024	2363
5024	3203
5024	3685
5025	2525
5025	2739
5026	338
5026	1157
5027	2524
5028	98
5029	74
5029	124
5029	128
5029	324
5029	647
5029	1562
5030	259
5030	4116
5031	11
5031	1296
5031	3540
5032	2774
5033	196
5033	352
5033	647
5034	84
5034	2698
5035	979
5035	3194
5037	2931
5038	41
5038	160
5038	627
5038	632
5038	2580
5038	3009
5038	3911
5039	4068
5040	78
5040	357
5040	528
5040	1610
5041	125
5041	1621
5041	2829
5042	721
5042	1253
5043	791
5043	1290
5043	1647
5043	2507
5043	2554
5044	1445
5044	3614
5044	3870
5045	2773
5045	3184
5046	940
5047	1257
5047	2524
5048	1289
5048	1720
5048	3891
5049	161
5049	970
5051	2712
5052	900
5052	1321
5053	3515
5055	2541
5057	4276
5058	2939
5058	3916
5059	3
5059	285
5059	1036
5060	342
5060	636
5060	979
5060	1416
5060	1893
5062	285
5062	390
5063	407
5066	2501
5068	324
5069	1309
5070	1300
5071	55
5075	550
5076	1226
5077	1
5077	36
5077	43
5077	837
5077	960
5077	1292
5077	2600
5077	2661
5077	3360
5077	3574
5078	6
5078	4496
5079	14
5079	78
5079	567
5079	568
5079	1313
5079	3202
5079	3920
5080	395
5080	632
5080	700
5080	947
5080	2834
5081	2502
5082	43
5082	2518
5082	3674
5083	838
5085	723
5085	3242
5087	640
5087	3467
5088	343
5088	846
5088	1614
5088	3984
5090	4152
5092	647
5092	725
5092	2064
5093	4443
5094	3512
5097	1367
5097	1993
5097	2520
5097	3215
5097	4106
5098	391
5098	988
5098	1426
5098	1726
5098	1937
5098	1997
5098	3125
5102	125
5102	754
5102	938
5102	2762
5103	2639
5107	1924
5107	2815
5107	4575
5115	3496
5116	410
5116	1606
5116	1936
5116	2883
5116	3482
5117	2699
5118	687
5118	1565
5118	2668
5118	3155
5118	3175
5119	782
5119	1040
5119	2046
5120	79
5121	2716
5125	1881
5126	4
5130	1294
5131	240
5132	3974
5134	3908
5137	3200
5138	781
5138	4062
5139	802
5143	3172
5143	3516
5146	3125
5149	1881
5151	481
5156	402
5156	476
5156	752
5156	4062
5157	7
5157	158
5157	196
5157	706
5157	2705
5158	946
5158	2579
5159	2560
5160	20
5160	171
5160	335
5160	630
5160	1329
5160	2544
5160	2968
5161	198
5161	1922
5161	3281
5162	5
5162	3227
5164	59
5165	303
5165	783
5165	2207
5165	2903
5166	652
5166	1572
5167	801
5168	59
5168	982
5168	1282
5169	669
5170	2535
5171	418
5171	628
5171	1528
5171	3936
5172	2918
5173	438
5174	4697
5175	878
5175	3132
5175	3808
5176	1113
5176	1384
5176	1960
5178	499
5178	1562
5179	3330
5180	27
5180	230
5180	358
5180	2014
5181	2849
5182	130
5182	384
5182	2214
5183	650
5185	36
5185	158
5185	1562
5186	705
5187	781
5187	2891
5190	2513
5190	2667
5190	2838
5196	703
5198	494
5198	2353
5199	221
5199	1367
5201	163
5201	215
5201	2762
5202	3375
5204	665
5204	1592
5205	7
5206	752
5207	258
5207	1724
5207	3674
5211	1299
5213	530
5214	2598
5215	403
5219	101
5222	1799
5223	1445
5225	1289
5229	1016
5234	244
5234	386
5234	524
5234	1289
5234	1588
5234	1667
5234	2369
5234	2667
5234	3250
5235	1697
5235	2607
5235	3923
5235	4093
5236	99
5236	791
5237	3437
5239	2529
5240	2968
5243	279
5243	528
5244	199
5245	2666
5246	205
5246	2546
5246	3999
5247	4375
5248	353
5248	4571
5251	1470
5253	763
5254	197
5258	2032
5259	999
5259	4082
5261	225
5265	1918
5273	2101
5273	2589
5273	3146
5276	1271
5281	235
5281	4488
5295	3057
5297	1397
5307	1428
5307	2502
5312	0
5312	1607
5312	1797
5312	1875
5312	2013
5313	1819
5314	5
5314	332
5314	670
5314	955
5314	1019
5314	1562
5314	3895
5314	4556
5315	377
5315	509
5315	939
5316	634
5317	59
5317	326
5317	511
5317	675
5317	1272
5318	1453
5318	3674
5318	4531
5321	2100
5322	41
5322	161
5322	629
5322	1500
5322	2616
5323	359
5323	1392
5324	553
5325	1290
5325	3164
5326	625
5326	2560
5326	2724
5328	4404
5329	1758
5331	2656
5332	3
5332	1258
5332	1279
5332	2815
5333	34
5333	315
5333	4689
5334	0
5334	59
5334	804
5334	4439
5334	4692
5336	1104
5336	2510
5337	1487
5340	2646
5341	1321
5341	2345
5342	1933
5346	4590
5349	625
5351	1
5351	5
5351	8
5351	158
5351	196
5351	629
5351	812
5351	1660
5351	3781
5351	4922
5352	2837
5355	433
5356	80
5356	1270
5356	2871
5357	1315
5358	1575
5358	2627
5361	3166
5362	1350
5364	4789
5365	1323
5366	41
5367	578
5370	2
5370	711
5370	1250
5373	1378
5374	999
5375	157
5376	2526
5377	1006
5380	3136
5380	4531
5386	45
5390	348
5390	1440
5390	2032
5390	2571
5390	3144
5391	62
5391	1270
5391	3790
5391	4122
5392	157
5392	3206
5394	3213
5395	103
5395	117
5395	1368
5395	3018
5396	3195
5397	3278
5398	845
5398	1377
5400	384
5400	630
5400	845
5400	1728
5403	1641
5403	3204
5405	1329
5405	2610
5405	2854
5409	801
5409	3604
5410	2773
5410	3555
5411	4613
5414	1290
5419	20
5424	5
5424	850
5427	117
5429	676
5430	209
5434	216
5434	4074
5435	2371
5440	147
5449	1905
5450	294
5455	1406
5468	2834
5468	3399
5469	2890
5471	78
5473	81
5473	129
5473	4068
5474	125
5474	327
5474	3829
5478	1146
5478	1388
5478	3869
5478	3916
5479	1409
5480	1336
5480	1609
5483	3394
5488	3078
5488	3093
5488	3953
5490	172
5490	4536
5492	4539
5493	3750
5493	4239
5494	164
5494	820
5497	1682
5499	963
5507	10
5508	2226
5509	1041
5510	1181
5511	626
5512	2582
5512	3759
5513	120
5513	520
5513	1260
5514	479
5514	625
5521	20
5527	197
5533	753
5533	4116
5538	3126
5546	1985
5546	2373
5546	3789
5550	159
5550	2580
5551	2034
5554	2661
5555	20
5557	2569
5558	4381
5564	3767
5565	2534
5566	2876
5577	1543
5579	3170
5585	3
5588	157
5588	1389
5594	78
5610	2505
5611	2561
5612	2226
5619	1281
5624	3
5624	1146
5624	1323
5624	4787
5625	768
5625	4376
5626	835
5626	1897
5626	4730
5627	99
5627	246
5627	267
5627	1673
5627	2229
5627	3188
5628	687
5628	2072
5629	59
5629	1298
5629	1562
5629	2509
5630	498
5630	1096
5630	1344
5630	1414
5630	1905
5630	3600
5632	2
5632	2215
5632	2509
5634	80
5634	1659
5634	2530
5634	3152
5634	3769
5635	477
5638	329
5639	15
5639	159
5639	332
5640	20
5641	2051
5643	12
5644	303
5644	1438
5644	2818
5644	2968
5644	3297
5645	49
5645	1490
5645	3139
5646	20
5646	1290
5647	20
5647	921
5647	4531
5648	2700
5649	2663
5649	4383
5650	158
5654	1710
5658	314
5659	2836
5660	1624
5661	1739
5661	3320
5663	835
5663	3795
5664	3183
5665	269
5666	2
5666	10
5668	14
5668	2821
5669	415
5669	627
5669	886
5669	3136
5671	703
5671	1357
5671	2526
5674	627
5674	3769
5676	1569
5676	1807
5677	2812
5679	3947
5680	237
5682	76
5682	1641
5683	2063
5688	1930
5698	2667
5702	469
5702	1607
5702	4572
5702	4967
5704	14
5704	244
5705	1904
5706	11
5710	2187
5712	3
5712	2260
5713	794
5713	2076
5716	299
5717	2710
5718	72
5718	523
5720	3691
5722	2834
5722	3921
5722	4708
5723	4716
5724	2515
5725	1113
5726	207
5726	894
5726	1955
5733	205
5740	731
5741	191
5743	2579
5743	4420
5746	1250
5746	3856
5751	20
5751	42
5751	121
5751	3230
5752	164
5754	0
5754	78
5754	845
5756	508
5762	2863
5776	81
5781	30
5781	196
5781	381
5781	1274
5781	2579
5782	630
5785	181
5785	625
5787	352
5788	1653
5788	3761
5789	510
5789	3320
5790	3227
5791	665
5792	321
5792	4571
5795	89
5795	357
5795	381
5795	3605
5798	182
5800	82
5800	2995
5801	781
5801	2542
5803	490
5803	2506
5805	715
5805	3593
5810	686
5810	799
5814	4648
5820	1
5821	1426
5822	83
5822	2734
5823	1290
5825	631
5825	2520
5826	127
5826	772
5826	4465
5828	3809
5831	3906
5831	4465
5832	748
5834	631
5837	0
5845	2661
5846	133
5859	338
5859	1865
5859	1875
5864	313
5865	11
5865	2657
5868	27
5868	2199
5871	3045
5872	314
5873	1456
5901	23
5906	1571
5908	471
5909	2973
5917	1334
5920	3994
5929	2521
5937	120
5937	1506
5937	2037
5937	2666
5939	117
5942	81
5942	264
5942	1875
5942	2188
5942	2535
5942	2857
5942	2974
5943	3238
5947	706
5947	2632
5947	2754
5947	4111
5950	2516
5951	2658
5951	4077
5954	693
5959	3831
5961	1897
5962	56
5962	2669
5964	1604
5965	1587
5969	707
5970	274
5972	2004
5976	164
5976	405
5976	625
5976	1253
5976	3519
5983	1094
5987	4238
5989	1282
5997	1880
5998	551
5998	2541
5999	314
6004	1260
6014	2824
6015	1609
6015	4437
6016	74
6016	168
6016	704
6016	1576
6016	3925
6017	783
6017	2519
6022	496
6023	678
6025	88
6025	2588
6026	11
6026	2575
6027	1213
6033	1283
6037	3927
6038	510
6038	4111
6041	2851
6044	200
6044	3750
6047	1082
6052	717
6052	1250
6054	161
6054	1744
6056	625
6062	42
6071	337
6074	121
6076	1384
6084	1250
6088	2566
6093	1138
6093	1641
6097	743
6098	196
6104	3462
6106	2571
6108	1944
6114	562
6115	4097
6125	2503
6128	316
6134	2519
6135	320
6144	1973
6146	2578
6147	617
6152	196
6153	354
6153	954
6154	1397
6173	3125
6177	4658
6200	1335
6209	723
6211	315
6215	1432
6228	318
6237	4446
6249	80
6249	510
6249	1954
6249	2599
6250	315
6250	569
6250	1882
6250	2629
6251	3078
6251	3125
6251	3224
6251	3950
6252	235
6252	495
6252	889
6254	181
6254	197
6254	484
6254	1255
6254	1373
6254	2929
6254	2968
6255	59
6255	334
6255	667
6255	2705
6256	55
6257	3052
6258	64
6259	196
6259	315
6259	399
6259	703
6259	2657
6259	3130
6260	1614
6260	2999
6262	0
6262	784
6262	2593
6262	4142
6263	1885
6265	977
6268	2827
6269	20
6269	81
6269	196
6269	761
6271	1746
6272	3450
6273	2812
6274	1960
6274	4154
6275	1126
6276	0
6276	34
6276	3674
6279	110
6279	548
6279	1523
6280	1499
6282	806
6282	1485
6288	315
6288	1253
6288	1272
6288	1904
6288	2206
6290	235
6290	440
6290	1411
6290	3183
6291	469
6291	3082
6292	653
6292	2812
6293	1469
6294	28
6294	403
6294	3091
6295	4251
6296	1573
6298	3
6299	166
6299	3145
6301	26
6302	3131
6308	157
6308	1527
6309	196
6310	1898
6311	2
6312	14
6323	2057
6327	82
6327	211
6327	324
6327	1407
6327	1923
6328	221
6329	3797
6329	3956
6330	45
6330	2519
6332	1580
6332	2481
6334	1293
6338	21
6338	1986
6348	2188
6348	2661
6350	2247
6352	13
6352	2187
6354	3304
6357	2829
6358	1896
6362	2500
6364	665
6366	635
6366	1252
6368	748
6368	1250
6369	20
6385	452
6392	630
6396	2265
6399	74
6406	97
6406	464
6406	2599
6406	3148
6406	3890
6407	0
6407	39
6410	323
6410	2516
6411	1914
6411	2891
6412	470
6414	3449
6415	181
6416	1040
6417	2511
6418	255
6418	1934
6418	2309
6420	4
6421	360
6424	4260
6425	415
6425	1953
6426	21
6428	20
6428	357
6430	88
6430	4609
6432	34
6432	2774
6434	2032
6434	2817
6438	3173
6439	2885
6440	775
6440	1348
6442	3288
6445	469
6445	496
6445	557
6445	2517
6445	4147
6446	4549
6447	2087
6450	2150
6451	650
6451	4874
6453	3613
6454	1571
6458	325
6459	313
6459	2830
6464	204
6464	473
6465	4478
6484	18
6484	20
6484	1799
6485	3223
6487	2656
6489	491
6493	941
6498	1889
6501	469
6503	633
6504	3628
6515	2895
6523	2258
6523	2592
6524	672
6525	3028
6526	1523
6530	3
6531	1317
6534	2
6534	200
6534	1176
6543	0
6545	489
6545	1367
6547	47
6562	43
6562	171
6562	275
6562	454
6562	1331
6562	3149
6562	4127
6563	320
6563	519
6564	190
6565	78
6565	149
6565	249
6567	703
6567	789
6567	2590
6567	3525
6568	82
6569	1128
6570	1413
6570	2834
6572	1324
6572	3839
6573	1924
6581	3054
6589	4890
6592	1279
6592	1624
6596	1895
6602	1263
6602	1340
6602	3527
6603	1893
6604	2507
6605	2735
6606	2073
6606	3213
6607	160
6608	1880
6616	3203
6619	2756
6620	488
6620	3467
6622	1877
6623	3798
6624	2599
6626	315
6630	2525
6641	2375
6644	1497
6644	2037
6644	4378
6645	23
6645	98
6646	1885
6650	3930
6652	720
6652	1339
6654	1887
6659	471
6661	81
6661	285
6663	2520
6664	625
6664	4509
6666	1282
6667	313
6668	2583
6672	3336
6679	3906
6679	4619
6684	3520
6684	4084
6689	2812
6690	5
6704	2656
6719	3363
6719	4843
6720	652
6722	89
6725	158
6727	2101
6729	108
6733	627
6741	41
6757	323
6762	3
6762	710
6762	4687
6769	342
6796	303
6796	3438
6798	41
6804	515
6808	822
6809	508
6811	2036
6816	785
6836	137
6845	3635
6850	200
6874	2506
6874	3836
6875	1907
6876	274
6876	1490
6876	2513
6877	1797
6877	1958
6877	3531
6878	2864
6879	1250
6879	4531
6884	589
6885	1173
6885	1880
6887	490
6888	666
6889	132
6889	175
6889	2546
6890	2038
6891	207
6897	650
6899	3386
6903	3408
6909	88
6909	1250
6912	244
6913	1331
6916	1330
6918	169
6936	906
6937	686
6938	484
6939	172
6940	834
6941	166
6943	2815
6952	49
6952	197
6952	335
6956	1800
6956	2812
6959	318
6961	3769
6964	403
6974	489
6979	161
6982	2510
6985	1055
6991	71
6991	528
6992	684
7001	2593
7008	542
7010	2749
7012	781
7027	159
7031	1295
7031	3166
7032	1339
7035	629
7035	1881
7040	2763
7040	4073
7042	164
7043	11
7043	685
7051	523
7053	157
7061	3986
7071	1875
7072	2502
7075	2503
7078	2664
7089	1328
7099	4140
7109	835
7109	2793
7109	4065
7111	3801
7114	734
7114	1094
7114	2506
7143	2505
7143	4166
7150	4374
7158	4024
7160	371
7167	42
7171	3656
7177	1567
7187	1
7187	28
7187	1570
7187	1602
7188	1202
7188	3765
7189	830
7190	121
7190	318
7192	469
7192	1111
7192	2921
7197	1260
7199	4258
7201	1132
7202	352
7208	3180
7216	157
7216	742
7218	372
7224	2046
7226	630
7226	984
7226	1254
7236	157
7236	3170
7242	30
7248	2366
7250	399
7253	3022
7265	354
7265	1271
7267	316
7270	2520
7270	3360
7275	3799
7289	181
7314	2764
7319	286
7319	4092
7338	1113
7343	625
7347	176
7347	4731
7354	179
7356	1456
7356	2500
7363	486
7363	1573
7374	475
7375	3134
7376	601
7377	1353
7411	2530
7441	480
7468	750
7499	313
7499	491
7499	680
7499	719
7499	1528
7499	1738
7499	3130
7500	196
7500	395
7500	1972
7500	3042
7501	6
7501	21
7501	1632
7501	4410
7502	405
7502	1450
7502	2350
7502	2500
7503	327
7503	2590
7504	240
7504	633
7504	957
7504	1523
7504	1739
7504	1777
7505	332
7505	630
7505	730
7505	1260
7505	2507
7507	34
7507	296
7508	366
7508	1254
7509	2682
7510	157
7510	161
7510	323
7510	3206
7513	3281
7513	3947
7514	3593
7515	157
7516	1586
7519	157
7519	786
7519	2865
7521	157
7522	1434
7524	171
7526	1259
7527	2539
7527	3880
7529	3137
7531	160
7533	2864
7538	1320
7538	1484
7538	2506
7538	2901
7539	144
7539	1437
7539	1582
7540	2600
7540	2990
7541	641
7541	3646
7543	3209
7543	4321
7544	88
7545	163
7548	2517
7548	4465
7550	47
7553	64
7554	381
7558	157
7559	633
7559	675
7560	1016
7562	1508
7562	2665
7563	3976
7569	394
7575	3203
7577	100
7577	626
7577	745
7577	1309
7577	2814
7577	3315
7577	3792
7579	59
7580	782
7580	1295
7581	1531
7582	1448
7582	1506
7582	2673
7582	3839
7586	629
7587	0
7587	1045
7588	399
7590	2821
7595	183
7597	119
7597	150
7597	323
7597	645
7597	1406
7597	3847
7598	1931
7598	3452
7599	2218
7599	3307
7602	102
7602	1416
7602	1738
7603	6
7611	110
7612	743
7613	1343
7617	122
7618	704
7618	2571
7618	4082
7623	4661
7627	1250
7630	2682
7636	4379
7642	2
7642	3482
7648	1304
7656	223
7656	332
7656	371
7656	528
7656	3321
7657	1608
7657	2620
7658	1406
7658	4465
7658	4706
7660	187
7660	626
7660	1892
7660	2042
7663	1296
7665	743
7665	4727
7669	1607
7670	1104
7672	25
7673	2893
7673	4326
7675	4456
7676	2709
7676	4033
7677	3215
7677	3303
7681	3878
7685	1096
7685	2663
7690	3593
7693	13
7695	1310
7695	2228
7695	2531
7695	2901
7696	159
7696	265
7696	1299
7698	389
7700	240
7705	0
7709	1329
7709	4394
7715	167
7715	664
7730	3168
7734	121
7734	2505
7734	3615
7734	3808
7735	1267
7736	1274
7737	3801
7739	3790
7745	391
7746	4102
7752	23
7753	1968
7754	2580
7754	2754
7756	899
7763	481
7774	2246
7776	3535
7777	627
7777	2915
7783	860
7784	997
7784	3848
7786	768
7792	51
7792	664
7797	2658
7809	909
7812	22
7812	42
7812	128
7812	193
7812	3206
7812	3457
7812	3615
7813	1397
7813	3439
7814	626
7817	41
7817	159
7817	626
7818	1107
7820	24
7822	13
7822	127
7822	315
7823	1274
7823	3779
7827	2578
7829	2812
7830	2969
7831	343
7831	2198
7831	3586
7832	57
7832	1427
7832	1490
7836	1118
7837	1548
7837	1858
7840	171
7840	2158
7842	628
7844	714
7850	393
7851	167
7851	2817
7852	319
7853	382
7856	639
7856	1578
7856	2587
7856	2682
7866	16
7866	40
7867	806
7870	645
7890	4453
7893	1977
7894	89
7895	795
7895	2893
7896	2075
7899	318
7900	4444
7901	1822
7909	4619
7910	3128
7913	4532
7914	391
7919	2188
7927	1882
7941	1567
7942	1353
7946	1642
7949	469
7949	1892
7963	1938
7968	321
7968	3152
7968	3988
7969	13
7969	392
7969	902
7971	1270
7975	1368
7978	321
7978	2972
7979	663
7983	11
7983	1724
7985	3150
7989	157
7990	17
7991	442
7994	49
7995	382
7998	1116
8010	159
8010	171
8017	1514
8024	78
8035	715
8039	2669
8046	986
8047	3777
8049	178
8054	1251
8057	2579
8061	1582
8071	161
8071	2004
8075	122
8078	2539
8086	59
8086	3256
8124	0
8124	41
8124	4497
8125	49
8126	164
8126	1450
8126	3916
8127	4
8127	52
8127	299
8127	753
8127	1688
8127	1924
8127	2417
8129	2502
8129	2971
8130	1408
8130	1435
8130	1655
8132	2514
8132	2544
8133	1365
8133	4122
8134	725
8134	1966
8134	3652
8136	371
8136	1097
8137	2970
8140	1606
8141	938
8143	413
8144	1302
8146	1081
8146	1406
8147	2929
8149	470
8149	4389
8151	1929
8152	78
8155	396
8158	3210
8163	988
8163	1980
8164	1271
8166	26
8166	86
8166	362
8166	377
8166	567
8167	180
8168	22
8168	352
8173	1880
8174	183
8183	177
8183	2999
8188	1304
8191	686
8193	3805
8194	63
8198	792
8202	168
8202	298
8202	3173
8202	3750
8203	1344
8203	1682
8204	52
8204	3467
8207	5
8207	1322
8207	2707
8209	49
8212	364
8212	3169
8214	2580
8215	704
8217	4127
8224	1187
8241	2580
8241	3759
8242	3454
8248	3596
8249	2718
8252	938
8262	3928
8267	1294
8281	686
8281	3203
8282	99
8282	1295
8284	4062
8284	4733
8285	1605
8287	382
8290	30
8295	319
8298	672
8300	668
8301	323
8306	1838
8311	472
8320	1627
8321	1565
8325	3126
8326	2266
8328	452
8329	130
8331	2895
8334	2979
8339	1303
8344	2657
8346	2897
8359	2188
8366	31
8403	20
8434	4160
8437	938
8438	2529
8439	726
8440	1662
8441	1692
8444	735
8447	2544
8447	3789
8449	33
8449	4072
8456	277
8456	1876
8461	706
8462	264
8462	1261
8462	2214
8471	2546
8476	0
8478	633
8488	36
8495	2300
8496	794
8503	2815
8515	548
8518	697
8522	471
8523	3715
8530	1495
8531	844
8535	1470
8536	3213
8556	42
8559	2391
8564	1581
8576	6
8577	2188
8594	1281
8600	1602
8619	103
8632	64
8637	3925
8671	4077
8683	4453
8692	3047
8693	114
8698	1290
8703	3457
8707	1447
8711	3213
8721	1504
8749	28
8749	1296
8749	1877
8750	435
8750	667
8750	2247
8751	496
8751	951
8751	1420
8751	4182
8752	3601
8754	457
8754	493
8754	3945
8755	1
8756	2820
8757	11
8758	15
8759	781
8760	3844
8762	128
8762	1348
8763	3783
8765	314
8765	2501
8766	22
8766	3476
8769	25
8769	501
8769	1886
8771	2
8771	33
8772	37
8772	235
8773	473
8780	5
8780	450
8783	1565
8787	355
8788	669
8788	803
8788	2125
8792	539
8794	1112
8801	43
8803	2718
8806	374
8806	645
8808	3179
8810	2505
8810	2693
8815	3842
8821	119
8821	415
8825	20
8827	30
8827	2228
8827	3383
8829	91
8830	2705
8832	3149
8835	2204
8837	1417
8841	757
8841	1343
8843	343
8843	1902
8847	3789
8849	432
8851	2517
8854	129
8854	1279
8854	2685
8857	164
8864	1035
8866	178
8868	316
8868	2511
8868	2895
8869	499
8903	3843
8906	316
8906	389
8906	1296
8906	1877
8906	2656
8908	1418
8909	669
8915	2743
8915	4081
8920	146
8928	3127
8940	508
8945	471
8948	172
8948	1617
8950	977
8951	1594
8952	1094
8959	2676
8963	2007
8965	16
8965	402
8965	4630
8967	0
8967	2142
8969	2502
8971	2155
8976	2660
8986	377
8986	628
8996	988
9002	553
9008	469
9013	3263
9025	398
9033	82
9037	471
9042	3764
9062	2539
9062	3056
9062	3243
9064	74
9064	706
9064	2501
9065	5
9065	96
9065	254
9065	318
9067	1813
9076	20
9076	1964
9082	3604
9083	1251
9092	373
9096	79
9103	949
9105	5
9106	216
9112	3052
9113	1055
9129	2344
9140	33
9140	625
9140	634
9140	2657
9141	125
9141	401
9141	4861
9145	4143
9151	1407
9155	12
9164	1339
9165	26
9178	1627
9186	3134
9223	4072
9235	68
9237	92
9238	2521
9239	2510
9246	4579
9258	121
9258	1956
9260	879
9282	443
9288	1562
9296	1300
9299	2273
9303	1112
9306	1143
9307	20
9316	320
9340	1937
9345	4104
9375	371
9376	1325
9379	635
9380	747
9380	811
9380	3476
9384	3557
9385	5
9385	1113
9387	786
9387	2674
9391	1275
9392	377
9396	8
9396	672
9399	3189
9413	1333
9423	1036
9431	1875
9433	2668
9434	0
9452	1606
9455	1406
9455	1500
9457	2851
9458	3912
9462	596
9462	1100
9466	121
9482	1914
9491	3897
9499	2507
9505	3134
9531	2673
9532	626
9535	1292
9540	899
9540	1304
9540	1973
9544	3291
9545	1566
9554	2251
9564	1300
9565	556
9571	641
9585	50
9592	860
9592	1607
9618	4616
9619	2999
9638	63
9649	2534
9656	2120
9659	714
9661	2823
9662	558
9690	88
9692	516
9692	938
9692	1720
9695	1276
9697	2982
9707	323
9711	2657
9728	2656
9732	3462
9734	41
9737	7
9738	40
9741	1641
9751	2528
9762	169
9773	2813
9776	1054
9792	1281
9804	959
9808	6
9847	1465
9853	1935
9860	637
9870	80
9936	733
9975	382
0	5129
0	5483
0	5551
0	6147
0	6213
0	6369
0	6877
0	8567
0	8750
1	5334
1	6255
1	6934
1	7032
1	7305
2	5469
2	5782
2	6181
2	6292
2	6484
2	8017
2	8915
2	9089
3	5039
3	5079
3	5314
3	5638
3	6429
3	6874
3	6955
3	7521
3	7564
3	7612
3	7718
3	7804
3	9358
4	6763
4	9064
5	5012
5	5053
5	5084
5	5763
5	5966
5	7057
6	5664
6	6579
6	6952
6	7717
8	5062
8	5200
8	6412
8	8149
8	8830
8	9922
9	6161
10	5160
10	5215
10	5468
10	5635
10	5704
10	7695
10	8442
10	8933
11	5024
11	5027
11	5043
11	5169
11	8915
12	5294
13	5151
13	6332
13	8145
13	9390
14	5012
14	5468
14	9225
15	5710
15	7641
15	7902
16	5326
16	5576
16	6562
16	6586
16	7703
17	7580
18	5012
18	5412
19	5336
20	5157
20	5200
20	5253
20	5663
20	5903
20	6202
20	6333
20	6533
20	6993
20	7508
20	8715
21	5195
22	5095
22	6741
23	5113
23	5397
23	6410
23	7659
23	7734
24	7870
25	6305
25	6642
25	7925
26	8603
27	5246
27	5416
27	5898
27	7616
30	5195
30	5207
30	5361
30	8799
31	6812
31	8124
33	6255
33	8501
34	5243
34	7978
34	8442
36	5938
36	6042
37	5325
39	5015
39	5781
39	6303
39	6352
39	8439
39	8723
40	5196
40	8001
41	5001
41	5644
41	6288
41	6290
41	6305
41	6327
41	7079
41	7628
42	5314
42	5323
42	7894
42	8027
43	6266
44	7502
44	7704
45	5044
45	6899
45	7993
47	6489
47	8041
49	5008
49	5081
49	5275
49	8839
50	5658
50	5687
50	7739
51	4999
51	9394
52	5001
52	5217
52	6368
52	7541
52	8440
53	5722
53	8203
53	9138
54	5424
54	6386
56	6885
56	7824
58	8223
60	5646
61	5081
61	5082
61	5102
61	7503
61	9155
62	6095
62	7619
63	5026
63	9195
64	8759
66	6415
69	5009
69	5029
69	5361
69	6476
69	6620
69	7499
69	7841
70	8185
71	5574
71	7653
72	6699
73	5861
74	5122
78	5008
78	5312
78	5340
78	6504
78	7501
78	7702
78	7851
78	7891
78	8348
79	5251
80	7680
81	5729
81	6249
83	5019
83	5159
83	6025
83	6099
83	6249
83	7601
83	7656
84	5001
84	5669
84	7662
85	5191
85	6334
85	7831
85	8814
88	5104
88	5230
88	5256
88	5832
88	6865
89	5314
89	5961
89	6929
89	7972
90	5322
90	5473
90	7544
91	5313
91	6584
91	7512
92	7607
93	5033
94	5073
94	5667
94	8752
95	5009
98	6269
98	7587
98	8516
99	5004
99	5726
99	5977
99	7677
99	8149
100	8127
101	6173
101	8127
108	8906
108	9874
110	5032
117	6327
119	5345
119	8584
120	6031
125	9004
126	7587
127	6953
127	7577
128	6293
132	8184
133	6998
134	6274
135	6282
137	7513
139	5713
140	8049
146	8923
150	5248
152	6489
154	7691
157	5190
157	5724
157	5728
157	6340
157	6409
157	6564
157	7243
157	7538
157	7980
157	8119
158	5630
158	6402
158	7577
158	8906
159	5198
159	7544
160	5043
160	5417
160	7643
161	5637
161	6401
161	7536
161	7814
161	8313
162	5004
163	5010
163	5116
163	5196
163	5243
163	5469
164	5055
164	6570
166	5048
166	5156
166	5627
166	6155
166	6839
167	5077
167	5183
167	6641
167	7324
167	8479
167	8685
168	6487
168	9073
169	6828
169	7858
169	8126
171	7890
171	8124
174	5664
176	8124
177	8202
177	8384
177	9455
178	6977
178	8163
178	9279
180	5010
180	7521
181	5498
182	5159
183	5273
186	5102
186	5937
186	7977
186	8770
186	8988
191	4999
191	6906
192	8777
192	8827
196	9063
198	6562
200	6836
200	9023
201	9159
204	7732
205	5312
205	6333
205	9534
211	5034
216	5077
216	6574
218	9690
220	6410
220	6417
221	6138
228	5859
230	8154
233	8344
234	5176
235	5024
235	5053
235	5658
235	5937
235	6572
235	6719
235	9145
235	9224
236	5941
237	6171
238	6940
239	5239
240	5048
240	5079
240	5991
241	5214
243	6581
243	6601
246	5156
247	5976
252	6877
255	7930
256	5703
257	5644
257	8907
257	9711
264	5590
264	7978
265	7100
266	5385
267	5005
267	5122
267	7499
269	6251
270	6921
274	5287
276	7509
277	7670
279	5538
280	7583
283	5159
283	7591
283	7896
284	7502
296	7345
301	5020
302	5758
313	5887
313	6291
313	6515
313	7587
313	7909
313	8375
313	8883
314	5892
314	6691
315	6396
315	6835
315	7036
315	7540
316	5391
316	6428
316	6454
316	8574
316	9141
318	5064
318	5323
318	6272
319	6318
319	6361
319	8756
319	8945
321	5786
321	6896
323	5060
323	5434
323	5566
323	7048
323	7195
323	8757
324	5786
324	8442
324	8918
325	7521
326	6638
326	6956
326	7684
326	9062
329	6347
332	7660
333	5415
333	6093
333	7656
335	8931
339	5534
340	5013
340	7767
340	8793
341	9069
343	5566
343	6251
343	6260
352	5024
352	5029
352	6293
352	8137
353	5178
353	6321
354	5672
354	7538
355	7189
355	9331
357	5004
357	7704
358	5694
359	4999
359	5355
362	5727
362	5741
362	7577
362	9949
363	7552
363	7670
366	6633
366	6885
366	8753
366	9377
371	5124
371	5474
373	5007
374	5938
376	5088
377	6371
379	5395
381	7858
381	7895
382	6036
384	5151
387	5763
388	6342
388	6382
391	5032
391	6038
392	5564
395	7614
396	6257
396	8913
396	9408
401	7853
401	9262
405	5385
409	7029
410	9658
412	5163
412	8759
413	8117
415	7114
416	5668
416	8887
421	5781
427	9072
431	5069
431	7814
435	7499
437	7676
446	7657
447	7581
448	5883
451	5017
453	5156
454	9482
459	8046
469	7505
469	8305
470	5058
470	5954
470	6253
471	5508
471	5834
473	5260
474	5713
474	5948
474	9555
474	9834
475	5634
476	6104
478	7504
479	5654
481	6019
482	6020
484	8774
488	5472
488	5629
488	5649
488	6498
488	7818
490	6288
496	5657
496	6252
508	5500
508	6327
509	7646
510	7266
513	6279
514	5954
518	5393
518	6734
521	7853
525	5127
528	5517
529	8750
532	6583
535	9516
538	7817
539	5024
539	7722
540	9013
548	5003
548	5080
549	5434
549	6027
550	6983
551	5049
551	6426
551	6621
552	7068
553	5253
554	6106
557	8588
559	5324
559	5547
562	5085
562	5610
567	9844
573	6285
578	7513
579	6769
584	5048
587	8769
589	5030
589	6364
589	8438
591	5937
597	6249
598	7660
606	5336
608	8283
617	6909
624	8769
625	5119
625	5256
625	5549
625	5588
625	5637
625	5718
625	7990
625	8134
626	5101
626	5177
626	6456
626	7236
626	7525
626	7831
626	8204
627	5171
627	5630
627	7660
628	6928
628	7533
629	5370
629	5777
630	5058
630	5182
630	5620
630	5628
631	5196
633	6426
633	7499
633	7513
633	8169
633	9199
635	5181
635	7884
635	8134
637	5629
637	5978
638	7656
639	5284
640	6601
640	9376
642	5634
643	6282
645	4999
645	5314
645	6901
645	7616
645	7747
646	9228
646	9385
647	5789
647	8408
648	6625
648	7851
650	7154
650	7734
652	8442
653	5111
654	9223
656	5080
658	5468
658	6562
659	5825
663	5300
664	7187
665	5048
665	5080
665	6573
667	5962
667	7071
668	5873
669	5633
669	8315
670	5063
670	5220
670	5503
670	5712
670	9433
672	4999
672	5159
672	5323
674	5005
675	6411
675	6882
679	5788
679	7920
679	8325
679	8827
680	8281
681	6093
684	5366
684	5632
684	7817
685	7529
686	5081
686	5101
686	7499
687	5790
687	7890
689	5161
689	6611
689	7812
696	5333
703	5044
703	5397
705	6938
706	5043
706	6368
707	5358
708	5000
710	5654
710	7505
711	7940
712	5416
712	8029
713	6296
715	5966
715	6407
717	5080
723	7597
724	5335
724	7504
725	5347
727	6317
728	5099
729	5606
729	8206
733	5199
738	5392
742	8852
744	5745
745	7519
746	6249
748	6308
749	6253
753	5319
759	7818
760	8845
763	5992
763	6251
764	5356
766	6680
767	7639
773	9413
775	6265
775	9651
781	7559
782	5047
782	8301
783	5195
783	5234
783	5685
783	6249
783	7819
786	5274
786	5663
786	7554
787	5236
787	6875
788	6573
791	5002
791	5801
791	7499
792	5665
793	5148
795	6564
796	8270
797	6377
798	8722
801	8749
801	8788
802	5081
802	7032
806	5239
806	6352
807	6996
811	5099
811	7815
813	6334
815	6772
819	7920
820	5485
820	5683
820	6543
820	9412
824	6279
824	7350
825	5219
827	5626
827	6746
827	7499
828	7221
829	5275
830	5041
833	7250
834	9689
836	8622
841	6567
845	5024
845	9006
847	6684
850	9284
851	5116
852	5040
855	5312
860	5226
860	5635
860	7265
860	7585
860	8757
860	9706
862	6601
869	5889
869	9114
872	5199
872	5634
874	6503
877	6314
880	5715
887	5000
887	5937
890	8145
895	5158
906	5629
918	5007
918	5326
924	5354
925	5091
930	5717
938	5658
938	5669
938	6252
938	7056
939	7787
939	8868
940	5175
940	6259
941	5713
941	7870
942	5201
942	5630
944	7637
946	7623
947	5119
947	5485
949	5820
949	6614
949	7663
950	6840
950	7753
951	5051
955	5707
956	8137
957	5961
957	6613
958	5080
958	5153
958	5550
964	9493
972	5088
977	7501
977	8049
978	5317
979	5275
979	5668
980	7661
980	7814
982	8887
983	5044
983	5422
983	6719
986	4999
986	7852
986	8215
988	8110
992	7525
992	7766
1007	9380
1016	6054
1019	5864
1021	5543
1022	6562
1024	6249
1029	5479
1031	6575
1034	5718
1035	8957
1035	9081
1036	5418
1036	5629
1037	6586
1040	5707
1040	7191
1046	8326
1046	8945
1055	5701
1056	5785
1060	9072
1069	6445
1071	7578
1076	6352
1076	6551
1083	6252
1088	5656
1094	7505
1097	5561
1099	5331
1099	6537
1101	5234
1104	8762
1111	7209
1114	5237
1114	5442
1127	8749
1128	9086
1146	6589
1148	5312
1152	5762
1152	8127
1158	7226
1162	5434
1162	7524
1163	5038
1182	8128
1191	8520
1194	7541
1201	5868
1211	5234
1211	7983
1212	6297
1213	5684
1217	5059
1224	8512
1249	6188
1250	5040
1250	5332
1250	5510
1250	8038
1251	5021
1251	6818
1251	7500
1252	5477
1252	5632
1252	5693
1252	6563
1252	7740
1253	6116
1253	7861
1254	6835
1254	7504
1255	5097
1255	6253
1255	6642
1255	8777
1256	5387
1256	6257
1256	6262
1256	7587
1256	8169
1256	8751
1257	6504
1257	7119
1258	6259
1260	5981
1260	6296
1260	8445
1262	5861
1265	6367
1267	5256
1270	5444
1270	7581
1270	9247
1271	5124
1271	5170
1271	6280
1271	8047
1271	8495
1271	9609
1272	5019
1272	6257
1273	6330
1274	5079
1274	7549
1275	6259
1276	7355
1277	5030
1277	5829
1278	5669
1278	6616
1279	5052
1279	9218
1280	5156
1281	5663
1281	9145
1282	5634
1284	5312
1285	5149
1289	5712
1289	6562
1290	6656
1291	8713
1292	5704
1292	5781
1292	6250
1292	6318
1292	7590
1296	5112
1296	5574
1299	5942
1299	7353
1301	6298
1302	6575
1307	5217
1309	5742
1310	5004
1310	5647
1310	5943
1311	9700
1312	5040
1314	9090
1316	5352
1318	6523
1318	8558
1319	7824
1320	5634
1320	6330
1320	8290
1322	5317
1328	5159
1328	6257
1328	6260
1328	7616
1328	7856
1329	5024
1329	5703
1329	7240
1331	6291
1331	6349
1331	6933
1333	5165
1333	5566
1334	6249
1335	6277
1337	6022
1337	7695
1338	5126
1338	5810
1348	6934
1349	5220
1350	5016
1350	6399
1350	9863
1351	5644
1351	7911
1352	9427
1353	5110
1353	7504
1355	9711
1356	5929
1357	6798
1357	6925
1362	5434
1372	5162
1372	5328
1373	5077
1379	8174
1381	7599
1387	7515
1389	5402
1390	5508
1391	5156
1406	5256
1406	5787
1406	6142
1406	6955
1406	8445
1406	8766
1407	5007
1407	8056
1410	5035
1411	5167
1411	9263
1412	5986
1413	7000
1413	8303
1416	5165
1416	8947
1417	5078
1417	5519
1417	5593
1419	5010
1421	8830
1422	5253
1422	8908
1426	7740
1427	6327
1428	5097
1428	5157
1434	5241
1436	5158
1436	9223
1438	9844
1446	9468
1447	7540
1448	5323
1448	9482
1456	8191
1456	8754
1462	5458
1470	7743
1472	5060
1476	5362
1480	5116
1480	6523
1481	5825
1481	8764
1484	7587
1484	7657
1485	8095
1487	5051
1489	5039
1489	7813
1490	5087
1490	6621
1491	6347
1492	7580
1494	6879
1495	6579
1497	9318
1504	6250
1504	6323
1504	6993
1506	5010
1509	5195
1517	7781
1523	5781
1526	7517
1528	6640
1533	6281
1534	8049
1543	7199
1544	5941
1544	9421
1545	6425
1545	7558
1562	5718
1562	9033
1564	6334
1565	7541
1566	5626
1566	6347
1566	6562
1567	7743
1567	7814
1568	5214
1569	6345
1569	6509
1572	5039
1572	8903
1573	7870
1573	9467
1575	4999
1575	7366
1578	5691
1578	6418
1580	5672
1582	5469
1584	5337
1586	5568
1592	5234
1594	8180
1597	5015
1601	5251
1602	5837
1603	5027
1603	7501
1604	4999
1604	6314
1606	5665
1607	5043
1616	6329
1616	6701
1617	5243
1623	5378
1636	6574
1641	5645
1642	5090
1642	5977
1642	6153
1643	7656
1645	5449
1648	8203
1649	5005
1650	7668
1655	7499
1656	8313
1661	5710
1663	5328
1663	8373
1665	6894
1669	5095
1673	5123
1680	5658
1680	6038
1680	7974
1682	5331
1685	5625
1686	5939
1690	7554
1706	5732
1707	5651
1710	9103
1719	5258
1719	5322
1719	5668
1720	5977
1720	7822
1721	5000
1721	5403
1725	5880
1728	6465
1728	8361
1728	8522
1732	5450
1738	6340
1738	8283
1739	5474
1739	7580
1754	8009
1760	8985
1761	8671
1762	9704
1763	5328
1765	5129
1768	5411
1773	6581
1779	5644
1780	5334
1780	6288
1783	5078
1785	5315
1785	5489
1786	8503
1789	5001
1793	5889
1797	8176
1801	5314
1802	5160
1802	5940
1802	6019
1803	5178
1804	8750
1814	7516
1822	5160
1828	5088
1829	9538
1829	9796
1836	6877
1837	6327
1840	5390
1851	6327
1855	7657
1863	5162
1865	7697
1875	6627
1875	7538
1875	7543
1875	8017
1876	5136
1876	5236
1876	5628
1876	6889
1876	7262
1876	8956
1877	5027
1877	6274
1877	6327
1878	6641
1880	5024
1880	5163
1880	6328
1880	9073
1881	5960
1885	5117
1885	6097
1885	6148
1885	6348
1885	7551
1887	6312
1888	5624
1888	6977
1894	5673
1894	6186
1896	8782
1896	9477
1897	5278
1897	8412
1899	8194
1899	9067
1902	5040
1902	7919
1903	5820
1905	5363
1907	9716
1909	5751
1909	6484
1915	7870
1915	9102
1917	5099
1918	5091
1918	9651
1919	8928
1924	5185
1924	7656
1926	5157
1931	5195
1937	6274
1944	6283
1951	7605
1953	5039
1953	8633
1954	5377
1954	9651
1956	9590
1957	9648
1958	5156
1963	5108
1963	5132
1963	7822
1971	6915
1973	4999
1974	9589
1975	6834
1976	9075
1979	7578
1982	5235
1992	7111
1994	5814
2002	7187
2003	5560
2003	5673
2007	6349
2010	9736
2012	5234
2013	7753
2034	4999
2035	8187
2036	5164
2036	6337
2041	7546
2041	8207
2041	8652
2042	7519
2043	5085
2046	5236
2051	9416
2056	5258
2056	5312
2056	5632
2058	8400
2064	5005
2070	5036
2071	5234
2071	6288
2072	5317
2082	5098
2092	5647
2109	5798
2109	9062
2112	5220
2114	6919
2114	7585
2116	8294
2117	5312
2126	4999
2129	9316
2131	5517
2136	5360
2139	6313
2148	8764
2150	9325
2152	5268
2170	8306
2188	5496
2190	5361
2190	5638
2193	6877
2200	7284
2202	8011
2206	7983
2207	5488
2208	5939
2217	8840
2223	7812
2224	5168
2226	5400
2228	5666
2229	7582
2231	6498
2233	5000
2233	6115
2235	8872
2236	5118
2246	5497
2257	5349
2259	6952
2265	5939
2266	5837
2269	7841
2271	8000
2300	5039
2302	7519
2305	5820
2307	7501
2315	6557
2327	6098
2336	5634
2336	6330
2353	7011
2366	5704
2367	7968
2373	7583
2383	7702
2386	6124
2389	5351
2412	7112
2422	5342
2447	5195
2452	8782
2456	8080
2464	8917
2500	4999
2500	5033
2500	5138
2500	5684
2500	6427
2500	6682
2500	7499
2500	7519
2500	8756
2500	9378
2500	9646
2501	5324
2502	5634
2502	5742
2503	5800
2503	6686
2503	7499
2505	5312
2505	5470
2505	5946
2505	6504
2505	6924
2505	9787
2506	5244
2506	5430
2506	6609
2506	8126
2506	8759
2507	5518
2507	5681
2510	5297
2510	8915
2511	5025
2511	7529
2513	5400
2513	5556
2515	7578
2519	5006
2519	5120
2519	5317
2521	7500
2521	8017
2521	8125
2521	9531
2523	6367
2523	6446
2524	5324
2524	8161
2524	9219
2525	8852
2527	9902
2531	9116
2532	7519
2536	9264
2539	5195
2539	9067
2540	5956
2541	5012
2541	6606
2542	7561
2546	7880
2550	5102
2550	8151
2552	5821
2554	5006
2554	5781
2555	5195
2556	5316
2556	5854
2558	5646
2559	8062
2560	4999
2560	5714
2564	5508
2569	5640
2574	5782
2577	5008
2578	5156
2578	6293
2578	8185
2579	5084
2579	5710
2579	7071
2582	6464
2582	7597
2583	6346
2585	6255
2585	9101
2588	5116
2588	5393
2589	6255
2590	7656
2591	6291
2593	5055
2593	6269
2593	7303
2593	9219
2593	9418
2594	4999
2595	7573
2597	7568
2598	7753
2601	5773
2606	6575
2612	6379
2613	7505
2616	5945
2617	5077
2617	8271
2618	6213
2618	6251
2621	5713
2622	5958
2623	5007
2623	5790
2625	5256
2635	5259
2636	7743
2636	8751
2641	7969
2652	5126
2656	5146
2656	5315
2656	5627
2657	5000
2657	5634
2657	6251
2657	6316
2657	9084
2657	9805
2660	5045
2661	5471
2661	7504
2661	8758
2661	8810
2663	8208
2664	7109
2664	8449
2665	6328
2665	7599
2666	6279
2666	9151
2667	7714
2669	5021
2669	5136
2669	6015
2669	9664
2673	7757
2676	5328
2676	5511
2676	6746
2676	7912
2678	7629
2681	6565
2684	5124
2685	5025
2685	6063
2691	6486
2693	7505
2695	8751
2695	8828
2701	5019
2711	5351
2715	5507
2715	6299
2715	8212
2732	5319
2734	7913
2734	8751
2735	6358
2735	8071
2737	5013
2737	7578
2740	5762
2740	6833
2740	8195
2743	5066
2745	5318
2745	6269
2746	5702
2748	8139
2749	6847
2752	5668
2761	5312
2767	5820
2770	7846
2771	5674
2774	5471
2775	8815
2776	7582
2777	6249
2812	5001
2813	5276
2813	6255
2813	9550
2814	7673
2816	7942
2818	5039
2821	6111
2822	6718
2822	8749
2822	8916
2823	5078
2823	5268
2823	7842
2827	5390
2827	8892
2829	6262
2832	5905
2833	5469
2833	9053
2834	6260
2834	7719
2835	9141
2838	5001
2844	9546
2849	8604
2851	5095
2851	5955
2851	9106
2854	6017
2861	9111
2862	7540
2864	6023
2864	6581
2866	8187
2867	6411
2872	5715
2872	7294
2878	7951
2890	5168
2890	5982
2890	6683
2890	7196
2890	8984
2892	7499
2893	5750
2895	5007
2901	8267
2905	7792
2908	5707
2910	6406
2910	7877
2912	5068
2915	9068
2918	5136
2929	5171
2932	5395
2932	5519
2934	5016
2949	5032
2949	7238
2951	5810
2956	5162
2963	6005
2968	5100
2968	5171
2968	7034
2969	5059
2969	5645
2970	5635
2971	8125
2976	7363
2979	5079
2980	6332
2981	8480
2982	6298
2988	5158
2988	6460
2989	5175
2989	5176
2990	5015
2992	9377
2993	5059
2998	5663
2998	6806
2998	8658
3006	7604
3008	5046
3008	5356
3008	6564
3011	5239
3012	5481
3013	5361
3017	5491
3017	6249
3027	5001
3029	7501
3033	5413
3037	8207
3048	7958
3056	6417
3057	7510
3061	6310
3086	7129
3105	5801
3125	5042
3125	5411
3125	5934
3125	6270
3125	6466
3125	8838
3126	8965
3127	5052
3128	5039
3128	5088
3130	7509
3132	8982
3134	5312
3135	5325
3136	5018
3141	4999
3144	5571
3144	6408
3145	5092
3146	6284
3147	5807
3149	5184
3149	7101
3152	5337
3154	5756
3157	7528
3161	7087
3165	5003
3165	8447
3166	6250
3166	7502
3168	6511
3169	8836
3169	9140
3172	5103
3175	5924
3176	8774
3188	8644
3189	7789
3194	6030
3203	8290
3203	8735
3204	6425
3207	5088
3208	5130
3208	6321
3213	5400
3213	6192
3213	6562
3213	6589
3213	9538
3214	5556
3216	9036
3219	5988
3219	8926
3221	5151
3222	8906
3222	9404
3223	6277
3224	9540
3225	7245
3231	7657
3242	6274
3242	6313
3244	6874
3246	9543
3252	5146
3281	7699
3281	8184
3282	6254
3282	8979
3283	7861
3284	5510
3284	5747
3284	6912
3289	5302
3291	6406
3292	7114
3293	5631
3296	5120
3298	7559
3300	5689
3306	5160
3306	6060
3315	6390
3320	7273
3328	8146
3330	5280
3331	7662
3336	7501
3339	5088
3349	5810
3359	6905
3360	5322
3361	5784
3365	9085
3366	5859
3366	9433
3370	5634
3375	5905
3379	5770
3380	5626
3386	6307
3388	6289
3401	8095
3408	8124
3418	6429
3419	7082
3422	5022
3437	9059
3438	6272
3439	6324
3439	8928
3440	6255
3440	8516
3441	5229
3441	7524
3443	5218
3444	7775
3457	9077
3458	7817
3459	5356
3476	5010
3482	7821
3486	7988
3496	6489
3496	6631
3497	5022
3515	6973
3516	5315
3516	5400
3518	6272
3519	5232
3519	7914
3520	5038
3521	5273
3521	5771
3525	5185
3525	5810
3559	6718
3566	8930
3569	5126
3594	5651
3595	5025
3599	5820
3604	5180
3607	7671
3607	8715
3609	5181
3613	5196
3621	7082
3634	5391
3650	6255
3658	5019
3671	5820
3672	9384
3674	6499
3682	9729
3695	5176
3714	5638
3750	5009
3750	5024
3750	6373
3750	7308
3750	7538
3750	7895
3750	9189
3750	9244
3750	9423
3752	4999
3752	8925
3753	5289
3753	6552
3754	5068
3754	9073
3756	7600
3757	5051
3757	6347
3757	7442
3758	5088
3759	7580
3762	4999
3764	5862
3764	7980
3765	5005
3765	5029
3765	7554
3766	5624
3767	9767
3769	6272
3770	5078
3772	5090
3773	5344
3775	6874
3779	6720
3779	8798
3780	5634
3789	5001
3789	5507
3789	5663
3790	7187
3791	5626
3792	5654
3796	5663
3799	8761
3801	6036
3801	6332
3803	5785
3803	8176
3808	7529
3808	7554
3813	8581
3818	5090
3822	6428
3823	9062
3828	5002
3828	8752
3829	7036
3832	6576
3833	5116
3834	5322
3834	6435
3835	5336
3836	5103
3836	7741
3838	5046
3839	5276
3840	5116
3844	5216
3850	7949
3852	6728
3852	7268
3856	5654
3867	5494
3873	7009
3875	7832
3883	8137
3886	5068
3891	5235
3901	5163
3904	5627
3906	6231
3906	6351
3906	8494
3907	7150
3907	7706
3908	9006
3909	5644
3909	7695
3911	7504
3914	7501
3916	7759
3920	5635
3923	6906
3925	6100
3925	6882
3928	8183
3929	5317
3929	8993
3930	5068
3933	5026
3935	4999
3937	7540
3939	7514
3945	5113
3945	6435
3945	6689
3947	6026
3948	5629
3950	7203
3951	7739
3957	8024
3963	9922
3964	7562
3965	8886
3984	5694
3986	5054
3986	6274
3986	6586
3994	6895
3994	8595
4006	5099
4010	5059
4013	5815
4024	6097
4024	6406
4033	5184
4034	7896
4039	8400
4062	6376
4063	6271
4063	9106
4063	9551
4067	8134
4071	7827
4075	6257
4075	8314
4083	9506
4087	5942
4089	5166
4093	9094
4096	5278
4105	4999
4107	7279
4111	5118
4116	6416
4129	5644
4131	8210
4136	8135
4144	5468
4144	6564
4151	5741
4152	7387
4172	6202
4179	8129
4218	5387
4223	5390
4226	8296
4228	5804
4236	7499
4238	7501
4238	7618
4243	5568
4248	5624
4249	5027
4249	6351
4257	6471
4258	7989
4260	9375
4262	5494
4277	9709
4281	5049
4292	6470
4304	8019
4307	7529
4320	5253
4336	7852
4348	7854
4350	8773
4370	5000
4374	5853
4374	8517
4376	5098
4376	8957
4377	5371
4381	5445
4381	8017
4384	5117
4389	8359
4396	8852
4398	5213
4399	8451
4399	8844
4403	5093
4409	5234
4413	5782
4415	8134
4418	5332
4423	9140
4429	5292
4431	8427
4433	6312
4434	9377
4448	6097
4453	5005
4453	5508
4454	5279
4456	5708
4463	8398
4464	5548
4475	8466
4484	9084
4489	5755
4492	8870
4493	4999
4495	6135
4511	8603
4512	7558
4531	5333
4532	5002
4536	5138
4536	6250
4537	8105
4538	5800
4543	5190
4543	7939
4545	6422
4547	7873
4553	5019
4558	6261
4560	8241
4562	6147
4573	6257
4609	8938
4614	7159
4614	9316
4634	7734
4636	9417
4648	6722
4655	5008
4679	8798
4687	8295
4688	5628
4690	9166
4692	5475
4692	7643
4694	5174
4695	7035
4707	5375
4719	5783
4719	7512
4726	5861
4733	7071
4736	9847
4741	8371
4746	7929
4750	5333
4750	6498
4756	6293
4766	5729
4766	9690
4779	5646
4787	7657
4791	6644
4794	7812
4843	7032
4847	8506
4864	9253
4865	8971
4874	5840
4876	8169
4889	5685
4893	6340
4924	6249
4961	7043
