8000	8000
0	33
0	190
0	297
0	782
0	1141
0	1252
0	1505
0	1818
0	2033
0	2157
0	2321
0	2758
0	3251
0	3305
0	3523
0	4012
0	4016
0	4020
0	4031
0	4253
0	5219
0	5924
0	6000
0	6019
0	6175
0	7266
0	7582
0	7630
1	2
1	79
1	510
1	772
1	1095
1	2102
1	2704
1	4006
1	4036
1	4631
2	12
2	22
2	136
2	250
2	260
2	500
2	807
2	1013
2	1017
2	1072
2	1223
2	2000
2	2001
2	2067
2	2072
2	2141
2	2209
2	2349
2	2672
2	3125
2	4064
2	4266
3	512
3	1013
3	1130
3	1505
3	4041
3	4375
3	4817
3	4860
3	4877
3	5023
3	5252
3	5550
3	7007
3	7509
4	36
4	50
4	125
4	254
4	266
4	380
4	720
4	926
4	1008
4	1074
4	1104
4	1147
4	1266
4	1910
4	1967
4	2127
4	2694
4	4134
4	4286
4	5259
4	6511
5	188
5	1004
5	1066
5	1751
5	2016
5	3158
5	3747
5	4094
5	4796
5	5469
5	5734
5	7892
6	125
6	208
6	847
6	1384
6	2254
6	3016
6	4375
6	4376
6	4707
6	5252
6	5883
6	6328
7	1001
7	1958
7	3314
7	5695
7	7008
8	10
8	11
8	12
8	19
8	21
8	32
8	42
8	80
8	266
8	1064
8	1069
8	1383
8	1514
8	1582
8	1920
8	2011
8	2047
8	2055
8	2389
8	2915
8	3198
8	3672
8	4002
8	4016
8	4065
8	6000
8	6008
8	7253
8	7314
9	8
9	508
9	813
9	1088
9	1251
9	2403
9	2518
9	2832
9	3004
9	3022
9	3550
9	4208
9	4260
10	44
10	282
10	398
10	760
10	1002
10	4017
10	5031
10	5188
11	219
11	569
11	1564
11	2133
12	188
12	293
12	594
12	1031
12	2047
12	2406
12	2818
12	3307
12	4509
12	5096
12	6053
12	7251
12	7657
13	65
13	317
13	1380
13	1659
14	267
14	642
14	1521
14	1762
14	2148
14	3501
15	1587
15	5031
15	6281
15	6419
16	1
16	456
16	794
16	863
16	1506
16	2016
16	3008
16	3315
16	3969
16	4325
16	5012
16	5036
16	5082
16	5128
16	7018
16	7118
16	7282
16	7364
16	7573
17	63
17	760
17	1078
17	1198
17	1323
17	1524
17	1758
17	2662
17	3127
17	4132
17	4876
17	5510
17	6939
18	143
18	305
18	1002
18	2002
18	2425
18	2610
18	2680
18	4062
18	4689
18	5016
18	6146
19	71
19	193
19	281
19	3494
19	4167
19	4762
19	5156
20	8
20	356
20	383
20	626
20	841
20	873
20	1383
20	2005
20	2250
20	5126
20	5265
20	5615
21	313
21	1177
21	2504
21	4082
22	332
22	583
22	1061
22	1266
23	5000
24	127
24	135
24	1049
24	2541
24	2579
24	4002
24	4092
24	7078
25	24
25	33
25	103
25	168
25	659
25	739
25	1563
25	5180
25	6031
26	2068
26	2070
26	2078
26	2130
26	4012
26	4795
26	5066
26	5110
27	1071
27	2424
28	512
28	1884
28	2611
28	4104
28	6273
28	7662
29	570
29	1692
29	2440
29	6071
29	7373
30	20
30	3766
31	6276
32	3
32	9
32	12
32	106
32	252
32	317
32	407
32	638
32	876
32	1196
32	1626
32	2547
32	2630
32	2768
32	4239
32	4881
32	5067
32	5388
32	6226
32	6843
32	7003
33	770
33	1001
33	1010
33	1323
33	2563
33	3172
33	4020
33	6208
34	0
34	18
34	21
34	251
34	1163
34	1549
34	2029
34	2031
34	2095
34	2694
34	4008
34	4200
34	5034
35	67
35	73
35	317
35	750
35	5420
36	154
36	220
36	455
36	503
36	566
36	1510
36	2079
36	3564
36	7566
37	1193
37	3008
37	3273
38	4174
38	4284
38	6871
39	5
40	6
40	376
40	384
40	1751
40	2742
40	2750
40	4037
40	4512
40	5000
40	7571
41	376
41	646
41	1188
41	1688
41	2978
41	3166
41	3252
41	5318
41	6035
42	32
43	2199
43	6531
44	2417
44	5314
44	5538
45	61
45	185
45	1754
45	5754
47	22
47	84
47	106
47	221
47	1322
47	2037
47	4270
47	5408
48	2318
49	0
49	133
49	571
49	1376
49	2274
49	2578
49	3044
50	5352
51	2
51	1217
51	1282
51	2548
51	5004
51	5284
52	379
52	565
52	1188
52	2738
53	3502
54	252
55	391
55	1647
55	2130
55	4315
55	5339
55	6218
55	6316
56	6047
57	4846
57	5410
58	1
58	3163
58	7908
59	881
59	1047
60	190
61	230
61	1534
63	12
63	18
63	135
63	143
63	266
63	271
63	298
63	500
63	524
63	527
63	532
63	563
63	1024
63	1407
63	1633
63	2258
63	2762
63	4154
63	4263
63	5252
63	5459
63	5739
63	5984
63	6005
63	6074
63	6250
63	6789
63	6814
64	4
64	37
64	288
64	500
64	502
64	1194
64	1517
64	1534
64	1761
64	2395
64	2470
64	3659
64	4072
64	4766
64	4860
64	5181
65	87
65	127
65	737
65	1008
65	2295
65	4038
65	5004
66	51
66	125
66	1377
66	4063
67	6312
68	267
68	1001
68	1342
68	2012
68	3029
69	192
69	520
69	2031
69	2076
69	4769
70	4255
70	6445
71	0
71	8
71	188
71	750
71	1753
71	2072
71	2127
71	3322
71	4006
71	4566
71	7258
71	7610
72	627
72	784
72	1516
73	25
73	471
73	590
73	1194
73	1251
73	2001
73	2188
73	4025
73	6281
73	6820
74	953
74	4151
74	4531
75	188
75	290
75	907
75	3283
75	3399
75	4281
75	4649
76	411
76	535
76	4156
76	5751
77	5608
78	4306
78	4676
78	6126
78	6321
79	16
79	151
79	1030
79	1547
79	2521
79	2750
79	3145
79	3912
79	5510
79	5673
80	48
80	1121
80	1271
81	4
81	124
81	2689
81	3023
81	4322
81	6184
82	2078
83	16
83	519
83	4077
83	4268
84	1380
84	3173
84	6011
84	7384
86	402
86	1419
86	1700
86	2163
86	2513
86	5036
86	5284
86	5820
86	6453
87	2268
87	2595
87	6535
88	38
88	567
89	4125
90	625
90	3088
91	1125
92	659
92	3072
94	87
94	255
94	414
94	1141
94	3133
94	4109
94	4503
94	4532
94	4629
94	6533
94	7385
95	1047
95	4559
96	500
96	2211
96	2568
96	2594
96	7453
97	141
97	1037
97	2535
98	4078
98	5125
98	7008
99	454
100	1257
100	3021
101	90
101	215
101	321
102	256
102	439
102	1276
102	2700
102	4193
103	2212
103	3539
103	6709
104	391
105	416
105	563
105	4082
106	321
106	1473
106	2796
107	1258
107	7960
108	500
108	3750
108	7925
109	2004
109	3039
110	2346
110	3065
111	719
111	5537
112	21
112	4023
113	4000
114	379
114	723
114	1741
115	335
116	2706
117	44
118	1293
119	23
119	1564
119	1875
120	5062
120	5504
122	254
122	6708
125	532
125	563
125	782
125	1594
125	1751
125	1770
125	2072
125	2106
125	2754
125	4017
125	4031
125	4199
125	4258
125	4626
125	4629
125	5253
125	6093
125	7001
126	9
126	16
126	118
126	137
126	344
126	634
126	821
126	1127
126	1447
126	2017
126	2735
126	4047
126	4704
126	5126
126	5157
126	5408
126	5734
127	77
127	1477
127	2322
127	4453
127	5279
127	5660
127	5664
127	6266
128	22
128	407
128	424
128	1519
128	1704
128	7005
129	65
129	71
129	126
129	774
129	2777
129	3004
129	3762
129	4079
129	6156
129	7038
130	1129
130	1477
130	1509
130	5250
130	6301
131	165
131	251
131	1030
131	2510
131	3688
131	4003
131	4523
131	6050
131	7048
132	5125
132	5206
132	5511
133	790
133	823
133	1041
133	2009
133	2289
133	3256
133	3554
133	5039
133	6876
134	292
134	798
134	945
134	3540
134	6149
135	29
135	261
135	876
135	1614
135	1697
135	2551
137	251
137	1261
137	1502
137	2344
137	4143
137	5564
138	4551
138	7884
139	4078
140	6071
141	237
141	1133
141	2001
141	2043
141	2099
141	2619
141	3363
141	5008
141	5127
142	250
142	1634
143	32
143	1438
143	5386
143	6077
144	4773
145	0
145	1323
145	2689
145	4040
146	308
146	4743
147	886
147	2989
147	4229
148	3251
149	40
149	454
149	570
149	1020
149	1091
149	2065
149	3386
149	5861
150	1512
150	5176
151	801
151	7114
152	71
152	2034
152	4314
153	825
153	2254
153	3407
154	6687
155	594
155	1767
157	63
157	223
157	254
157	267
157	459
157	517
157	1098
157	2048
157	2129
157	3929
157	4803
157	6718
158	282
158	547
158	633
158	1095
158	4002
158	4329
158	4773
158	5508
158	6134
158	7812
159	35
159	1030
159	1036
159	1306
159	2001
159	5126
160	768
160	3307
160	6562
160	6909
161	690
161	1063
161	5252
161	6898
162	3465
162	5048
163	5
163	767
163	1076
163	2864
163	5250
164	129
164	2020
165	0
165	40
165	118
165	2503
165	6294
166	157
166	271
166	938
166	1070
166	3285
166	3518
166	3813
167	126
167	4755
167	5009
168	552
168	2011
169	4064
169	7102
170	4580
171	3059
172	643
172	1215
172	4331
172	5031
173	1005
173	1283
173	4312
173	6237
174	41
174	5027
174	5594
176	2395
176	4094
178	501
178	1940
178	2537
178	5021
179	2041
179	3397
180	3859
181	317
185	4165
187	1594
188	533
188	1035
188	1586
188	2227
188	2423
188	2642
188	4002
188	4377
188	4502
188	4547
188	4723
188	4756
188	5548
188	6062
189	188
189	254
189	388
189	516
189	1627
190	1123
190	1172
190	2002
190	4086
191	3416
191	5199
192	94
192	565
192	3065
192	6010
194	26
194	237
195	1176
196	393
196	1032
196	1273
197	18
197	34
197	1083
197	2073
197	6390
198	2053
198	4531
198	6383
199	174
199	2219
200	731
200	2224
201	528
202	1976
202	4529
202	6107
203	1319
204	283
204	502
204	1036
204	1392
204	1397
204	2381
204	4814
205	259
205	4134
205	7783
206	128
206	2281
207	418
207	1596
207	2258
207	2397
207	3004
207	3141
208	28
208	4379
209	896
211	71
211	643
211	2231
211	3020
211	4250
212	4
213	668
214	4000
219	125
219	1149
219	2188
219	6326
220	137
220	205
220	1026
220	1383
220	1844
220	2282
220	3130
220	5773
221	114
221	6125
223	4002
224	299
227	316
227	536
227	797
227	4864
228	2019
229	679
229	3004
230	3163
231	2031
232	6605
235	7157
236	564
236	6159
237	1500
238	7500
239	7071
242	1
243	4149
243	6797
244	4257
245	676
245	4443
246	5097
247	4013
250	125
250	213
250	364
250	376
250	453
250	814
250	1052
250	1161
250	1259
250	1508
250	1709
250	2065
250	2125
250	2250
250	2251
250	3026
250	4403
250	4596
250	5000
250	6265
250	7625
251	2009
251	3690
251	5017
251	5682
251	7328
252	914
252	2125
252	2968
252	4003
252	4127
252	4875
252	5485
252	7504
253	95
253	688
253	875
254	410
254	1000
254	2251
254	2348
254	3209
254	4324
254	6437
254	7125
255	18
255	573
255	755
255	2015
255	4053
255	4505
255	6096
255	6573
256	8
256	361
256	844
256	1063
256	1192
256	3262
256	4063
256	4223
256	7406
257	122
258	875
258	1570
258	2446
258	3001
258	3690
258	4064
258	4187
258	4602
258	6079
258	6198
259	32
259	4016
260	0
260	5255
260	6127
260	6625
261	40
261	3357
261	3548
261	5782
262	1075
262	4751
262	4891
263	92
263	4755
264	1064
264	4199
265	1043
265	7113
266	10
266	63
266	549
266	758
266	1520
266	2051
266	3806
266	4394
266	5282
266	6632
267	4027
267	5000
267	5423
267	6025
268	2032
268	3017
268	4139
268	4250
268	6720
269	32
269	285
269	4062
270	17
270	1287
270	1547
271	1017
271	1049
271	6565
271	7400
271	7742
272	250
272	3152
272	6068
272	6190
272	6415
273	6544
274	516
274	530
274	1271
274	1878
275	43
275	332
275	504
275	2285
275	2406
276	2276
276	3289
276	5536
277	5388
278	4454
278	5066
278	7297
279	1285
279	5150
279	5756
282	250
282	252
282	565
282	1356
282	1637
282	2055
283	18
283	251
283	2205
283	4024
283	4338
283	5032
284	118
284	241
285	594
285	3000
285	4723
286	545
286	3688
286	4018
286	4385
286	5774
286	6293
286	7253
287	3263
287	4501
287	4937
287	5500
288	3006
288	4012
290	1507
290	3012
290	4006
290	4644
291	2947
293	4531
294	2611
295	1641
296	257
297	79
297	2754
297	3572
297	3889
297	5001
297	6334
299	2634
299	5084
300	64
300	1266
300	3531
301	2280
301	4044
301	4535
301	4662
303	4756
305	4758
306	2533
307	1394
309	286
309	1021
310	3251
312	332
313	6
313	1163
313	1419
313	4363
313	4644
313	5289
314	58
314	3004
314	3176
314	3429
314	4030
314	4096
315	41
315	438
315	1065
315	4770
315	7302
316	24
316	1239
317	157
317	290
317	893
317	1357
317	2107
317	2645
317	6172
318	2117
318	5195
318	7087
319	7750
321	194
321	630
321	2255
321	3501
321	4080
321	5001
322	77
322	205
322	1172
322	3367
322	7062
323	527
323	875
323	1129
323	2127
323	2726
324	1137
324	1510
325	28
325	508
325	3769
326	40
326	5088
327	1660
328	4227
329	2664
329	3641
329	4004
329	4699
329	6019
329	6125
330	797
330	1002
331	3
331	502
331	1271
331	6007
332	1168
334	2141
336	69
336	6090
336	6821
337	697
338	313
341	3055
341	5005
344	1138
344	6212
344	6281
345	6064
346	941
346	2004
347	286
347	5879
348	3044
349	1754
350	4316
352	67
352	756
352	4252
352	7320
353	32
355	4008
359	441
360	62
360	83
360	1122
360	1376
360	2037
361	2158
361	4844
361	5059
362	51
362	2042
363	259
368	2360
369	4018
373	3510
375	1130
375	1283
375	2625
375	4414
375	5189
375	5636
375	5894
375	6052
376	1055
376	2106
376	2211
376	3141
376	3910
376	4625
377	3389
377	4248
377	6051
378	3068
379	1136
379	1773
379	2254
379	2699
379	5056
379	6533
380	2012
380	2039
380	4145
381	4760
382	6443
383	8
383	544
383	816
383	6838
384	165
384	251
384	1596
384	6306
385	6
385	4576
385	4601
386	761
386	2000
386	4786
387	1596
387	3005
387	6390
388	0
388	5021
389	4289
389	6627
391	10
391	1139
391	3283
391	4350
391	4750
391	4824
391	5066
391	5252
391	6047
393	4010
393	4805
394	6669
395	16
395	189
395	3284
396	74
396	170
396	7487
397	2316
398	379
398	1041
399	5755
400	1143
400	4043
401	411
403	6265
404	2264
405	2250
406	626
408	4000
409	79
409	2009
409	2838
409	6109
410	1629
410	3256
411	2611
412	2007
413	1941
413	2258
414	40
414	791
414	1648
414	2395
414	3563
414	7228
415	13
415	4020
416	1157
416	4938
417	5
417	2536
418	504
419	3505
422	1508
422	3500
422	4261
423	1277
424	2032
424	4103
424	4564
426	536
427	203
428	626
430	127
433	2254
438	219
438	334
438	1126
438	2435
438	4438
438	4517
438	4660
438	5008
438	6127
439	285
439	511
439	1505
439	3016
439	4519
439	5009
440	455
440	4664
441	94
441	2072
442	511
442	2114
442	4277
443	1578
443	7132
444	390
444	3040
444	7007
445	3220
446	2003
446	4593
447	2034
449	5156
450	28
450	772
452	7039
454	2188
454	4388
454	5316
455	1876
455	2040
457	2728
457	4187
458	2078
458	6534
461	5555
462	10
464	2766
467	158
469	4050
469	4751
470	32
470	83
470	2012
470	2188
470	2458
470	2692
471	626
472	2031
473	4055
477	19
479	4618
481	1164
489	321
491	18
491	4681
494	1149
497	696
500	28
500	282
500	340
500	385
500	638
500	1041
500	1130
500	1298
500	2176
500	2539
500	2595
500	3004
500	4006
500	4020
500	4041
500	4064
500	4109
500	4126
500	4363
500	4673
501	34
501	43
501	313
501	1978
501	3612
501	5008
501	5766
501	6176
501	6261
501	6266
501	7070
502	15
502	40
502	155
502	449
502	509
502	970
502	1032
502	2039
502	2071
502	2128
502	2643
502	3533
502	3769
502	6051
502	6252
502	6504
502	6630
503	21
503	51
503	130
503	314
503	385
503	1098
503	2915
503	4195
503	4574
504	500
504	3066
504	4028
504	4783
504	6950
505	375
505	692
505	3156
506	65
506	135
506	594
506	4008
506	4562
507	1288
507	1369
507	2332
507	6650
508	35
508	41
508	196
508	205
508	412
508	689
508	719
508	1005
508	1032
508	1323
508	2510
508	2522
508	3016
508	3071
508	4149
508	4283
508	5938
508	6509
509	877
509	2008
509	4012
509	4391
509	6346
510	22
510	144
510	1151
510	3130
510	3516
510	3656
511	1461
512	1
512	126
512	196
512	1006
512	1751
512	6424
513	2818
513	5137
515	571
515	2282
516	174
516	528
516	1681
516	1879
516	2110
516	2122
516	5005
516	5627
517	40
517	1321
517	1430
517	1711
517	3000
517	4009
517	4188
517	6304
517	7034
518	532
518	1003
518	1055
518	3787
518	4156
518	4305
518	5035
519	17
519	6594
520	32
520	163
520	2648
521	1135
521	1253
521	3024
521	4095
522	268
522	537
522	563
523	629
523	2321
524	137
524	1785
524	6629
524	7082
525	4535
526	6
526	641
527	4584
528	1826
529	532
530	357
531	752
532	38
532	147
532	1533
532	3035
532	4020
532	4573
533	768
533	5293
534	2
534	1633
535	212
535	1203
535	3536
535	4051
536	754
536	1751
536	4004
536	4016
536	5180
536	5899
537	20
537	1492
537	4447
537	4594
538	4422
538	4531
538	7320
539	4
539	83
539	129
539	1787
539	2267
539	4082
539	6001
539	6426
540	1459
540	1533
540	6002
541	1164
542	3066
542	4071
543	47
543	4334
545	0
545	4525
546	2095
546	2580
547	32
547	282
547	1844
547	2755
547	4336
547	5250
547	5281
548	32
549	3141
549	6508
550	1299
550	5471
551	393
551	6261
551	7283
552	253
552	1024
553	514
553	1964
553	5007
553	6006
555	34
556	154
558	143
558	5377
559	2173
559	3876
563	20
563	63
563	348
563	536
563	710
563	2065
563	2625
563	2688
563	3036
563	5002
564	286
564	2047
564	2291
564	4083
564	4219
564	5012
564	6318
565	1032
565	7023
566	148
567	1070
568	2011
568	3844
569	2
571	525
571	3131
571	5063
572	1751
572	3564
572	4290
572	5121
573	4009
573	5269
574	637
575	161
575	379
575	1009
575	3256
576	2074
577	4898
578	4583
579	150
579	750
579	1095
579	1732
579	2142
579	7007
579	7021
580	1853
580	4503
581	1234
582	2007
583	2250
583	7254
584	104
585	4266
586	384
586	585
586	1517
587	1276
587	3006
587	7594
588	1884
588	4619
589	1453
590	1502
591	126
593	2078
594	2
594	2727
594	5209
594	6062
594	6691
595	1532
596	2001
596	4535
596	6134
597	2004
598	519
598	7143
600	884
600	2033
602	750
602	5100
603	1010
604	69
604	290
604	4637
605	563
606	344
606	5476
607	6503
608	83
610	4328
610	7457
611	4
612	5394
612	6254
614	399
615	5657
618	1633
620	189
622	1138
622	4041
625	44
625	63
625	66
625	118
625	290
625	456
625	806
625	881
625	1073
625	2004
625	2517
625	3631
626	5344
627	502
627	879
627	2128
627	2192
627	2756
627	3598
627	6502
628	162
628	2766
628	4877
629	1571
629	2578
629	4225
629	7751
631	573
631	2032
632	2579
633	127
633	258
633	2568
633	4016
633	4756
633	6567
634	1000
634	4257
634	5532
635	1506
635	2631
635	4721
635	5670
636	6562
637	4196
637	6148
638	3041
639	48
640	1782
641	5500
641	6013
643	5926
644	313
644	510
645	1063
645	1073
645	3002
646	507
647	30
647	4404
649	70
649	4391
651	398
651	5088
653	96
653	2516
657	244
657	689
657	2259
657	4513
658	4627
659	24
659	57
659	1271
660	1575
662	0
662	4156
662	5159
662	6543
663	155
663	1325
663	1500
663	3018
664	503
664	2008
664	2169
665	5063
666	2
666	1284
668	802
668	2072
668	6100
671	258
672	181
672	2766
672	4129
672	4941
672	5215
672	6679
673	2400
673	6161
676	5531
677	1383
677	2688
677	6125
680	689
684	66
688	60
688	63
688	103
688	500
688	2001
688	3393
688	6609
689	65
689	516
689	606
689	1821
689	5016
690	1040
690	1782
690	2004
691	6299
693	267
693	587
693	1005
694	6062
695	4687
695	6211
696	1
696	625
696	4018
696	5000
699	3411
700	2197
701	1657
702	587
702	4444
704	5297
705	1141
705	2188
705	4833
706	4145
707	282
707	571
707	2697
707	4000
709	1314
711	141
711	255
711	1040
711	2784
717	2
719	490
719	1116
719	1594
722	7630
724	303
724	3710
725	375
725	1567
728	534
731	6501
735	1322
735	4761
739	2633
743	622
746	2144
746	2250
750	290
750	375
750	539
750	1030
750	1501
750	2664
750	4512
750	5754
750	6083
750	7267
751	191
751	565
751	1314
751	1526
751	4001
751	7454
752	0
752	6031
753	3022
753	4264
753	6516
754	1
754	227
754	1006
754	1125
754	3071
754	4094
755	234
756	2056
756	3282
756	4031
758	386
758	755
758	1071
758	1194
758	1196
758	1535
758	2708
758	4250
758	5066
759	4326
760	606
760	2438
760	6000
760	6765
762	172
762	4034
762	5142
764	1565
765	3664
766	1521
766	2771
766	3019
766	3032
766	5270
768	267
768	415
768	1446
768	2251
768	2594
770	2636
772	4289
772	6023
773	4392
774	456
774	1031
774	1290
774	2775
775	136
775	3781
775	4023
776	4787
777	1252
778	313
782	64
782	315
782	2441
782	4090
782	7023
783	269
784	4027
784	4059
784	5057
786	7007
787	5001
788	9
789	5
789	917
789	2524
789	7875
791	6015
794	6881
797	1258
797	1290
797	2470
797	2718
798	2541
799	53
799	1284
801	71
801	1484
801	5118
807	2557
809	126
813	21
813	604
813	638
813	750
813	4070
814	392
814	525
814	1016
814	3191
815	1251
815	2775
815	6512
816	2
817	381
817	1065
817	5179
819	417
819	1018
819	4238
820	4281
821	661
821	2037
821	4562
822	322
822	2094
822	6815
823	4135
824	4725
825	1063
827	4148
829	899
829	1141
829	1655
829	2045
829	3158
829	4732
829	4859
830	5719
832	1063
833	5297
834	4268
834	5251
837	83
840	79
841	5957
844	881
844	2093
844	4782
845	385
845	1900
845	4500
848	4540
852	4822
852	6213
853	1422
854	5052
855	11
856	3345
857	2707
858	2274
860	313
860	679
860	713
860	985
860	1026
861	1245
861	4547
864	4209
865	9
870	360
870	2020
871	2313
873	16
875	2275
875	5000
875	6125
876	590
876	2010
877	1378
877	2270
877	2504
877	3646
878	502
878	4064
881	5252
883	1911
883	4031
883	4501
884	1762
884	2261
885	45
885	153
885	2266
885	4043
885	5001
887	2914
887	4625
889	1078
889	6040
891	766
891	4876
892	2581
893	26
893	294
893	1502
893	6687
903	190
904	4256
905	548
907	1642
907	2001
907	2642
910	2755
911	4500
912	4137
914	1167
917	4068
918	529
919	4376
920	6533
922	649
924	33
924	708
924	2031
925	319
926	549
930	1051
930	3377
932	1518
939	914
939	2828
940	36
941	2063
941	5203
942	1391
943	1284
944	757
944	2012
946	3776
946	4274
946	4879
947	1143
948	6571
954	6286
957	3813
961	752
962	1501
962	5207
970	784
971	5080
975	1256
978	133
978	5379
985	129
987	4031
990	4005
991	1335
1000	1
1000	32
1000	134
1000	315
1000	317
1000	526
1000	636
1000	1088
1000	1503
1000	1527
1000	1667
1000	2276
1000	2799
1000	2817
1000	3575
1000	4016
1000	4125
1000	4635
1000	4940
1000	5172
1000	5345
1000	6105
1000	6191
1001	111
1001	1033
1001	1034
1001	1126
1001	1326
1001	1548
1001	2079
1001	2525
1001	3016
1001	3070
1001	4000
1001	4250
1002	43
1002	250
1002	526
1002	728
1002	1192
1002	1227
1002	2017
1002	5422
1002	6211
1002	6518
1003	2141
1003	4134
1003	6271
1003	6641
1003	7813
1004	33
1004	49
1004	95
1004	198
1004	2877
1004	4254
1004	4661
1004	5062
1004	6152
1005	13
1005	345
1005	731
1005	1063
1005	2133
1005	2800
1005	3033
1005	4550
1006	55
1006	834
1006	910
1006	2508
1006	3341
1006	4148
1006	5008
1007	211
1007	2276
1007	4027
1007	5188
1008	66
1008	110
1008	500
1008	547
1008	785
1008	1037
1008	1126
1008	1325
1008	2019
1008	4035
1008	4375
1008	5158
1008	6424
1009	512
1009	1764
1009	2012
1009	3000
1010	1516
1010	4187
1010	4271
1011	45
1011	2504
1011	2760
1011	3816
1012	251
1012	266
1012	613
1012	777
1012	1501
1012	4286
1013	532
1014	1143
1014	1526
1014	1828
1014	5014
1014	5219
1014	6001
1014	7692
1015	2188
1016	500
1016	512
1016	922
1016	1192
1016	3570
1016	4051
1016	5137
1017	37
1017	766
1017	1032
1017	1590
1017	4067
1018	731
1018	757
1018	1065
1018	1071
1018	2297
1018	2535
1018	4258
1020	16
1020	3262
1020	3383
1020	4564
1021	501
1021	3517
1022	165
1022	4508
1022	5668
1023	84
1023	204
1024	35
1024	38
1024	122
1024	4098
1024	4251
1024	5451
1024	7097
1024	7641
1025	36
1025	1157
1025	1721
1025	4887
1026	164
1026	1677
1026	1681
1026	4207
1026	7187
1027	1024
1027	2300
1027	7040
1028	76
1028	189
1028	1002
1028	7021
1029	151
1032	17
1032	608
1032	2001
1032	2263
1032	4500
1032	5018
1033	42
1033	1008
1033	1126
1033	1258
1033	1509
1033	7093
1033	7505
1034	180
1034	3123
1034	4037
1035	251
1035	627
1036	81
1036	1040
1036	2256
1036	2353
1036	2415
1036	4641
1036	4846
1036	5104
1037	318
1037	2063
1037	4285
1038	26
1038	782
1038	1628
1038	1819
1038	2017
1039	12
1039	457
1039	521
1040	46
1040	68
1041	6181
1041	6781
1042	2147
1045	260
1045	4008
1047	30
1047	196
1047	278
1047	701
1047	1615
1047	5312
1048	2179
1049	128
1049	526
1049	4531
1049	5001
1050	1056
1050	3000
1050	4033
1050	4827
1050	6432
1051	641
1051	4012
1051	4352
1051	4533
1051	5087
1052	2005
1054	5063
1055	641
1055	750
1055	2094
1055	3508
1056	4145
1058	2150
1060	2767
1060	3658
1061	74
1063	91
1063	501
1063	2075
1063	2424
1063	2508
1063	2595
1063	4258
1063	5068
1063	5125
1064	1208
1064	1633
1064	3781
1064	4000
1064	6008
1064	6041
1065	605
1065	1332
1065	2004
1065	2780
1065	3149
1065	6260
1066	1846
1066	7125
1067	143
1067	2293
1067	4758
1067	6814
1067	7023
1070	2084
1070	4762
1071	213
1071	500
1072	40
1072	255
1072	2633
1072	3594
1072	4605
1072	6101
1072	6377
1073	3727
1074	6252
1075	670
1075	2259
1075	3256
1076	2012
1076	4285
1076	6520
1076	7650
1078	4028
1078	4454
1078	5329
1078	6946
1079	2176
1079	2420
1079	2826
1079	6227
1080	102
1080	2000
1080	2764
1080	3532
1080	4506
1081	2197
1082	12
1082	135
1082	1195
1082	2289
1082	2390
1082	6687
1083	569
1084	1275
1084	1293
1086	2031
1086	4020
1087	3440
1087	4008
1088	166
1090	783
1090	1574
1090	2768
1090	4096
1094	6
1094	500
1094	2020
1094	2040
1094	4049
1094	4130
1094	6038
1095	39
1095	3001
1095	4301
1096	8
1096	1126
1097	1002
1098	1016
1098	5376
1098	6040
1099	5752
1102	2834
1102	4252
1102	7335
1103	2024
1103	2321
1103	3641
1104	20
1104	2130
1105	2197
1107	1159
1107	1767
1108	4
1108	4881
1108	6173
1111	598
1112	506
1113	2031
1114	4039
1115	283
1118	2258
1118	2658
1123	817
1124	756
1124	6130
1125	10
1125	144
1125	290
1125	505
1125	739
1125	1132
1125	2317
1125	4265
1126	17
1126	1004
1126	1573
1126	2118
1126	3275
1126	3566
1126	4250
1127	1051
1127	7423
1128	127
1128	350
1128	825
1128	2190
1128	4143
1129	2
1129	2041
1129	5262
1130	1142
1130	1518
1130	4250
1130	7704
1131	1900
1131	4068
1132	876
1132	2376
1132	3388
1133	47
1133	125
1133	157
1133	3291
1133	4187
1133	5531
1133	5554
1133	7394
1134	262
1134	527
1134	2251
1135	587
1135	4025
1136	5193
1137	202
1137	2156
1137	6341
1138	2102
1139	172
1139	315
1141	1008
1141	3066
1141	3758
1141	5756
1142	20
1142	3051
1142	4262
1143	73
1143	1004
1143	1073
1143	2512
1143	4523
1144	2049
1144	2098
1145	63
1145	1009
1145	2444
1149	502
1149	2002
1149	2273
1150	2086
1151	231
1151	354
1152	697
1152	5906
1153	951
1153	1002
1154	1067
1154	6414
1155	134
1155	1120
1155	1627
1155	5633
1156	1219
1157	83
1157	696
1157	850
1157	894
1157	1141
1157	2090
1157	2539
1157	3191
1157	4422
1157	5002
1158	3503
1158	6797
1159	2001
1159	2041
1159	4001
1160	2576
1160	4532
1160	7001
1161	148
1161	4012
1162	52
1162	4656
1163	4016
1163	6051
1164	10
1164	16
1164	250
1164	844
1164	1269
1164	3883
1167	2629
1167	6570
1168	283
1168	567
1168	750
1168	4163
1168	4547
1168	6609
1172	14
1172	6254
1173	92
1173	6467
1174	5063
1181	643
1181	2180
1182	4031
1188	1770
1188	3329
1188	4006
1189	11
1189	1134
1189	4007
1189	4520
1190	16
1190	162
1191	227
1191	3973
1191	4001
1193	1006
1193	3018
1193	5070
1194	270
1194	6001
1195	1000
1198	6500
1200	27
1202	1064
1202	6066
1203	2016
1203	2275
1204	38
1204	5043
1209	57
1214	2629
1216	875
1216	1582
1217	408
1217	880
1219	2133
1219	2627
1219	6233
1219	7296
1221	4313
1222	2004
1222	6752
1226	5129
1227	307
1231	4389
1231	4664
1236	32
1237	22
1240	1819
1246	6347
1250	6
1250	125
1250	235
1250	550
1250	2005
1250	2126
1250	2506
1250	2758
1250	4672
1250	7532
1251	53
1251	2375
1251	5515
1252	4
1252	2001
1252	4002
1252	4504
1252	5250
1252	5637
1253	5
1253	5000
1254	873
1254	3068
1254	4016
1254	7706
1255	1088
1256	66
1256	1508
1258	2
1258	1285
1258	2012
1258	2603
1258	3098
1258	6574
1259	547
1259	1137
1259	2012
1259	4125
1260	500
1260	4000
1260	6109
1261	1109
1262	125
1262	283
1262	7165
1264	512
1266	419
1266	469
1266	582
1266	1087
1266	1409
1266	1524
1266	1567
1266	4003
1266	4255
1267	0
1267	68
1267	1645
1267	2033
1267	5004
1268	1125
1268	2907
1268	3580
1268	4796
1269	1139
1271	5349
1272	512
1272	579
1274	6
1274	448
1274	4125
1276	131
1277	158
1281	879
1282	9
1282	252
1282	657
1282	1321
1282	2712
1282	3064
1282	3126
1282	4837
1283	354
1283	3559
1284	4269
1284	6019
1285	4
1285	618
1285	6072
1287	1012
1287	2008
1288	579
1288	1063
1288	4006
1289	384
1289	3503
1289	4004
1290	4381
1291	11
1292	3901
1292	4035
1292	4910
1293	325
1293	1893
1293	4066
1295	204
1295	399
1297	2
1299	403
1299	875
1300	7065
1301	3440
1303	298
1304	4134
1306	7027
1307	2564
1309	1255
1309	4533
1313	1969
1313	2017
1313	2923
1313	4500
1313	4821
1313	6621
1314	258
1314	1021
1314	1115
1314	1712
1315	938
1315	2330
1317	2012
1318	4422
1319	4252
1320	2641
1321	118
1321	192
1321	6523
1322	4445
1323	12
1325	125
1328	565
1328	2519
1328	4038
1330	1532
1332	151
1333	1331
1334	3523
1336	3642
1337	1826
1344	1021
1344	2313
1346	51
1347	1033
1348	125
1348	2020
1348	3039
1348	7074
1348	7790
1349	1294
1352	266
1352	759
1353	917
1353	4696
1353	7884
1354	3270
1357	813
1357	2483
1357	5047
1357	6277
1361	7688
1362	2125
1365	786
1368	268
1368	1000
1375	125
1375	279
1375	854
1375	1425
1375	1563
1375	1969
1375	3009
1375	4051
1375	5751
1376	118
1376	1349
1376	4820
1376	6099
1377	35
1377	611
1377	1905
1377	2379
1377	4179
1378	138
1379	22
1379	6062
1381	63
1381	2019
1382	2038
1383	922
1384	2063
1384	6314
1385	1317
1385	4138
1385	7251
1386	6518
1387	1035
1388	361
1391	8
1391	467
1391	1645
1391	7004
1393	1095
1395	2147
1395	2516
1396	4025
1397	47
1398	4393
1399	852
1399	2446
1399	7814
1403	7510
1405	10
1405	1389
1407	141
1407	283
1407	438
1407	656
1407	4267
1407	5769
1409	1291
1409	2001
1409	7375
1410	4142
1411	7008
1414	1213
1415	6064
1418	4062
1422	787
1422	4125
1424	6054
1426	12
1428	255
1430	1153
1432	1017
1434	1533
1435	638
1437	2209
1438	3031
1438	6503
1439	314
1439	1494
1439	6165
1440	1596
1440	4266
1443	3908
1445	5
1445	6554
1445	7104
1447	923
1447	3575
1451	1009
1453	133
1456	5131
1465	2002
1465	5108
1467	5143
1470	5003
1471	511
1471	4035
1481	4025
1485	2317
1494	4229
1500	43
1500	1284
1500	1536
1500	6024
1500	6572
1500	6783
1501	2133
1501	3065
1501	4270
1501	6700
1501	7169
1502	1062
1502	1072
1502	4332
1502	5014
1502	7315
1503	2031
1503	5033
1504	43
1504	320
1504	563
1504	2017
1504	2518
1504	2879
1505	12
1505	3625
1505	4453
1505	4750
1508	354
1508	1293
1508	2501
1508	3512
1508	7072
1509	2260
1509	4324
1509	4833
1509	6040
1509	6412
1510	135
1510	141
1510	290
1510	547
1510	2037
1510	6031
1511	1162
1511	2095
1512	83
1512	900
1512	2257
1512	5567
1513	705
1513	2029
1514	4004
1515	352
1516	95
1516	157
1516	532
1516	4786
1516	6511
1517	508
1517	2563
1517	2596
1517	3255
1517	4147
1517	4192
1519	495
1520	573
1520	746
1520	4331
1520	4567
1521	272
1522	3594
1526	283
1526	379
1526	1286
1526	6138
1527	2110
1528	4000
1532	44
1532	254
1532	1868
1532	2000
1532	2102
1532	4003
1532	4016
1532	4254
1532	5109
1532	6890
1533	8
1533	287
1533	547
1533	1189
1533	2017
1533	2274
1534	4202
1535	2899
1536	262
1536	1584
1536	2267
1537	1193
1537	5721
1540	1285
1541	252
1541	2315
1541	5034
1543	5152
1544	1065
1546	1608
1547	3508
1547	7587
1548	3447
1548	7875
1549	696
1549	1278
1552	5571
1553	5547
1555	1029
1555	2229
1555	4005
1557	35
1557	4020
1563	1383
1563	2033
1563	5164
1563	5165
1563	6140
1563	6251
1564	1133
1565	207
1565	1267
1565	4131
1566	4532
1567	1542
1567	4562
1567	6843
1568	5203
1571	4539
1573	762
1574	5138
1575	33
1578	3030
1578	4252
1578	7057
1579	94
1580	4531
1582	522
1582	6750
1586	4130
1586	6271
1587	6519
1588	438
1594	267
1594	1572
1594	2289
1594	3114
1597	2754
1598	33
1600	2781
1601	318
1608	4752
1610	24
1612	2751
1612	6790
1613	133
1615	4144
1616	3000
1618	3414
1621	4005
1625	63
1625	4500
1627	1
1627	822
1627	6034
1628	2032
1628	5685
1629	500
1629	4437
1631	1315
1631	6004
1632	1022
1632	3401
1633	145
1633	383
1633	1876
1633	2039
1634	266
1635	5003
1635	5063
1637	274
1637	2508
1637	4035
1638	27
1638	166
1638	681
1638	5072
1639	4062
1640	4009
1641	125
1641	388
1641	1196
1641	4763
1642	848
1642	1149
1642	4428
1643	813
1643	5008
1645	1001
1645	2969
1649	133
1649	391
1649	7352
1652	516
1655	3150
1657	3313
1658	4513
1658	5004
1659	4008
1660	4258
1662	6535
1664	130
1665	289
1667	2570
1668	2095
1673	3277
1674	2231
1674	6566
1676	3160
1678	36
1680	3111
1683	694
1683	4613
1684	224
1688	2793
1688	4656
1688	6554
1689	0
1689	315
1689	1002
1689	3548
1689	6027
1689	6043
1690	1331
1692	1316
1694	3508
1694	5554
1695	2162
1699	4275
1710	1333
1713	67
1719	109
1723	4533
1727	1573
1733	127
1741	2229
1743	4053
1747	1129
1750	1
1750	2725
1751	141
1752	1125
1753	568
1753	2008
1754	2122
1755	310
1755	7049
1758	1136
1758	2390
1760	254
1761	9
1761	2630
1761	5273
1761	5516
1761	5778
1762	36
1762	1944
1762	7094
1764	67
1765	4269
1766	777
1766	4078
1766	6031
1766	6971
1767	512
1768	160
1768	6062
1770	2375
1771	1535
1777	2556
1779	1509
1782	158
1782	963
1782	1036
1782	2002
1782	2628
1782	3789
1785	301
1789	2215
1789	2256
1789	2487
1791	7002
1793	456
1793	641
1795	2586
1797	17
1797	387
1797	4069
1801	250
1803	107
1813	315
1813	2512
1813	4062
1814	190
1814	3139
1815	3259
1817	7399
1823	2066
1824	149
1828	95
1828	1854
1828	4574
1828	6209
1829	1750
1831	4361
1832	0
1832	126
1835	354
1836	4500
1840	313
1844	6287
1845	6188
1846	1048
1847	5601
1848	13
1848	3772
1850	3359
1850	4001
1852	1510
1857	2133
1860	501
1860	6031
1862	188
1865	754
1867	2720
1875	1000
1875	1629
1875	6550
1876	7064
1877	2860
1878	4262
1879	410
1879	787
1879	2258
1879	3325
1880	2759
1881	2523
1881	5172
1882	388
1883	16
1885	7587
1887	63
1887	1783
1887	5064
1891	1043
1891	1165
1891	3113
1891	5015
1893	7785
1896	5172
1899	137
1900	6032
1905	6010
1906	69
1906	321
1906	1554
1906	2516
1906	4504
1907	7
1908	190
1916	4015
1922	99
1930	1533
1938	261
1938	2283
1940	40
1942	3250
1955	4269
1960	2547
1969	2165
1971	504
1974	5344
1977	139
1985	6523
1986	6308
1996	5739
2000	3
2000	603
2000	627
2000	704
2000	719
2000	1517
2000	1537
2000	2197
2000	2582
2000	4018
2000	4095
2000	4297
2000	4937
2000	5159
2000	5301
2000	5519
2000	6254
2000	7257
2001	32
2001	325
2001	407
2001	1251
2001	1955
2001	2290
2001	2422
2001	3071
2001	4260
2001	4508
2001	4541
2001	5612
2001	6234
2001	6306
2001	7017
2002	1789
2002	2031
2002	3258
2002	4047
2002	4053
2002	4159
2002	5385
2002	6273
2002	6734
2003	65
2003	922
2003	5375
2004	159
2004	212
2004	316
2004	629
2004	2024
2004	2713
2004	5154
2004	6550
2005	252
2005	266
2005	1042
2005	5094
2006	4133
2006	6347
2006	7135
2007	6252
2007	7064
2008	397
2008	583
2008	958
2008	2063
2008	2267
2008	2548
2009	287
2009	383
2010	104
2010	461
2010	1657
2010	2188
2010	2500
2010	3029
2011	12
2011	1013
2011	4010
2011	6133
2011	7407
2012	1200
2012	3670
2012	4451
2012	5004
2012	5844
2013	96
2013	1438
2013	5758
2016	594
2016	1008
2016	2383
2016	4142
2016	4516
2016	4521
2016	5299
2016	6343
2017	34
2017	658
2017	720
2017	1785
2017	2696
2018	456
2018	2102
2018	4382
2018	5503
2019	125
2019	779
2019	1328
2019	4087
2019	4203
2019	7372
2020	243
2020	1254
2020	1532
2020	6544
2021	797
2021	2807
2021	3264
2022	16
2022	2297
2022	4642
2022	5092
2022	5453
2023	2440
2024	41
2024	403
2024	1545
2024	2500
2024	3002
2025	3172
2025	5020
2026	63
2026	1016
2026	2291
2026	2599
2027	198
2027	258
2028	2137
2031	258
2031	575
2031	1227
2031	2063
2031	2228
2031	3096
2032	64
2032	1073
2032	2267
2032	5012
2032	5313
2032	6316
2033	69
2033	130
2033	282
2033	4078
2033	6984
2034	6095
2035	2
2035	1526
2035	2003
2035	2814
2035	2817
2035	5214
2035	6163
2036	256
2036	642
2036	2039
2036	2149
2036	6144
2037	2141
2037	6072
2038	2578
2039	27
2039	55
2039	375
2039	592
2039	611
2039	1151
2039	2815
2039	2860
2039	4056
2039	5009
2039	6250
2040	32
2040	5171
2041	284
2041	782
2041	1317
2041	4970
2042	532
2042	3469
2043	1564
2043	3000
2044	2318
2045	1065
2047	253
2047	627
2047	2691
2047	4773
2047	6289
2048	9
2048	4422
2049	711
2049	1594
2049	2043
2049	3063
2049	4251
2049	4884
2050	2662
2051	188
2051	395
2051	414
2051	631
2051	735
2051	1060
2052	36
2054	90
2054	130
2054	670
2054	1598
2055	1096
2055	2016
2055	2078
2056	6130
2056	6673
2061	4319
2062	1936
2063	14
2063	846
2063	870
2063	1375
2063	1532
2063	2016
2063	4766
2063	5228
2064	2564
2064	4312
2065	1512
2065	4525
2065	5504
2066	2132
2066	2141
2066	4065
2067	1418
2067	3009
2067	3838
2067	4573
2067	7167
2068	44
2068	137
2068	252
2068	762
2069	12
2069	38
2069	188
2069	1001
2069	4001
2069	4658
2071	1798
2072	134
2072	254
2072	258
2072	895
2072	1011
2072	6096
2072	7765
2073	3069
2073	7031
2074	5129
2076	161
2076	2938
2076	4011
2076	4632
2077	149
2077	973
2078	67
2078	282
2078	840
2078	1447
2078	4550
2078	5190
2078	5524
2079	43
2079	118
2081	1029
2081	3000
2081	5532
2082	128
2082	147
2082	376
2083	16
2084	2073
2086	980
2086	4063
2088	71
2088	4010
2089	3970
2090	251
2090	5097
2092	70
2094	0
2094	102
2094	138
2094	1848
2094	2660
2094	4047
2094	4813
2094	6250
2095	99
2095	712
2095	4001
2095	5580
2096	1252
2096	1692
2096	1825
2096	5065
2096	6595
2098	4193
2100	500
2102	141
2102	704
2102	2037
2102	2042
2102	6114
2104	4597
2104	4752
2105	149
2106	5156
2106	5322
2108	457
2109	5265
2110	3747
2111	1043
2112	18
2112	309
2113	1227
2115	4
2118	5377
2123	469
2125	381
2125	618
2125	1563
2125	2008
2125	3006
2125	4250
2125	6187
2125	7517
2126	8
2126	95
2126	384
2126	641
2126	770
2126	2242
2126	5000
2126	6129
2126	6187
2126	7754
2127	1
2127	24
2127	1317
2127	2570
2127	2646
2127	5000
2127	5002
2127	5375
2128	1252
2128	2156
2128	3617
2128	4017
2129	265
2129	399
2129	1516
2129	2254
2129	3044
2129	3209
2129	3253
2129	5157
2129	5281
2129	5629
2130	2516
2130	3130
2131	502
2131	2570
2131	4500
2132	79
2132	142
2132	1385
2133	137
2133	302
2133	1659
2133	5736
2133	6033
2134	110
2134	5096
2135	3145
2135	4510
2137	3258
2138	290
2139	520
2140	854
2141	166
2141	602
2141	766
2141	1272
2141	2408
2141	3219
2141	3551
2141	4062
2142	188
2142	572
2142	4664
2142	6547
2143	500
2143	567
2144	2539
2145	2536
2145	5010
2146	4036
2149	1518
2149	2003
2149	4095
2150	174
2156	949
2156	1028
2157	2647
2158	1706
2158	2662
2158	6699
2159	285
2159	1000
2160	41
2160	696
2160	1008
2160	4030
2164	1145
2164	3513
2166	3597
2168	2617
2169	1095
2170	658
2170	2388
2172	2572
2172	4063
2173	37
2174	6578
2176	63
2180	5156
2182	2272
2183	345
2183	7136
2184	668
2184	2228
2188	288
2188	379
2188	2199
2188	4590
2188	5129
2188	5387
2189	1024
2190	95
2190	683
2191	4734
2191	6504
2192	3504
2192	6002
2192	7031
2193	1066
2193	7051
2195	5320
2196	166
2197	135
2197	207
2197	5627
2197	6506
2201	2121
2203	31
2203	2735
2203	4127
2204	3516
2206	512
2209	1063
2212	1016
2212	2820
2213	2079
2215	3043
2215	5208
2219	1503
2219	2659
2219	4707
2220	602
2220	7718
2221	2131
2221	2305
2221	6399
2223	563
2226	5125
2227	1126
2227	2078
2228	3964
2233	4289
2235	946
2235	2569
2235	3783
2235	4750
2238	633
2242	130
2242	4008
2250	42
2250	125
2250	518
2250	1519
2250	2017
2250	5500
2250	6582
2251	538
2251	674
2251	707
2251	1625
2251	2001
2251	2281
2251	4312
2251	6026
2251	6561
2252	432
2252	4527
2252	4785
2252	7317
2253	786
2253	2440
2254	40
2254	3150
2254	4145
2254	5515
2255	1009
2256	79
2256	876
2256	1755
2257	4286
2258	158
2258	625
2258	753
2258	2444
2258	3289
2259	9
2259	1107
2259	1347
2259	1690
2259	3501
2260	2005
2260	2395
2261	4
2261	323
2261	1087
2262	747
2263	4392
2263	5015
2263	6043
2264	295
2264	396
2265	150
2266	145
2266	426
2266	1143
2266	2545
2266	3094
2266	4020
2267	45
2267	7501
2268	500
2268	3012
2269	4004
2269	5540
2270	3172
2270	4075
2270	6172
2271	250
2271	1519
2271	5103
2272	524
2272	3229
2272	7633
2274	386
2274	3038
2274	4166
2276	1317
2276	2256
2276	6125
2277	1451
2277	2664
2277	4817
2278	2328
2281	1036
2281	2055
2282	518
2282	758
2282	2019
2282	2022
2282	3469
2282	4031
2283	314
2283	3020
2283	3551
2283	3702
2283	4024
2283	5146
2285	212
2285	1360
2287	1258
2288	930
2289	19
2289	73
2289	381
2289	524
2289	1519
2290	688
2290	891
2290	4504
2292	1373
2293	518
2293	4531
2297	4323
2297	6211
2298	39
2301	4203
2306	6507
2310	7699
2313	1075
2313	1756
2313	3439
2313	7316
2313	7893
2314	1025
2314	1704
2315	4629
2316	94
2316	3142
2316	4267
2317	6634
2320	550
2321	229
2321	1626
2321	3766
2321	4000
2322	6
2323	252
2324	3564
2326	1030
2326	7136
2329	2094
2329	3033
2329	6576
2329	7046
2331	110
2331	689
2332	565
2332	1145
2332	4514
2336	2268
2337	5289
2340	711
2342	2529
2344	657
2344	3602
2345	509
2349	951
2352	4297
2352	6250
2360	946
2362	1368
2362	3008
2362	4063
2363	7734
2364	320
2365	5292
2375	1095
2375	1751
2375	4532
2375	5500
2375	6031
2376	30
2376	1828
2376	7127
2376	7189
2377	2585
2378	6142
2379	94
2379	1255
2380	1636
2380	6039
2381	161
2383	2632
2383	3407
2385	594
2385	4287
2385	7130
2386	1158
2388	151
2391	188
2391	581
2392	5297
2395	563
2395	1382
2395	5508
2396	4578
2397	2176
2398	1026
2399	1758
2400	1008
2402	1377
2402	2750
2403	4394
2406	71
2406	1145
2407	547
2408	4252
2409	1003
2410	470
2411	4250
2415	1030
2416	4254
2418	1008
2422	4131
2422	6051
2423	2009
2426	972
2426	3703
2427	500
2433	622
2434	4627
2435	149
2438	47
2438	2098
2438	7814
2439	610
2439	1289
2439	2034
2439	2230
2439	4002
2440	65
2440	4170
2440	4269
2440	5500
2440	6111
2442	1985
2442	4455
2442	5065
2447	4062
2450	1000
2461	6093
2469	1595
2469	4204
2470	3629
2472	1501
2473	4578
2477	4383
2478	5068
2485	267
2485	7570
2486	3554
2488	237
2493	315
2500	63
2500	179
2500	563
2500	676
2500	1065
2500	1503
2500	1509
2500	2141
2500	3000
2500	3383
2500	4395
2500	4625
2500	5062
2500	5875
2500	6203
2501	51
2501	1040
2501	7093
2502	7062
2503	5505
2504	39
2504	63
2504	190
2504	376
2504	897
2504	5783
2505	127
2505	641
2505	2008
2505	4251
2506	508
2506	787
2506	1078
2506	2176
2508	712
2508	1347
2508	1504
2508	2135
2508	4016
2508	5254
2509	1369
2509	4688
2509	5154
2510	6
2510	150
2510	4580
2510	5207
2511	2047
2512	37
2512	266
2512	751
2512	2063
2512	4130
2513	4829
2514	1216
2516	917
2516	1000
2516	2053
2516	2085
2516	4027
2516	4071
2516	5531
2517	768
2517	4716
2518	137
2518	6031
2519	4
2519	2018
2520	6
2520	10
2520	532
2520	2574
2521	68
2522	4553
2523	411
2523	7625
2524	4768
2525	420
2531	485
2531	1502
2531	2586
2531	6719
2532	80
2533	4023
2533	4500
2534	130
2534	6079
2534	6106
2535	5437
2535	6566
2536	3369
2539	332
2539	505
2539	1006
2539	2000
2539	3720
2539	4004
2539	6556
2540	1002
2541	3769
2543	94
2543	1231
2543	3161
2543	4079
2545	564
2545	6516
2547	320
2547	789
2547	7789
2548	301
2548	313
2548	375
2551	2375
2552	1001
2553	6
2553	142
2555	699
2555	1267
2561	1024
2562	2094
2563	325
2563	1006
2563	2377
2563	6609
2563	6756
2564	337
2564	705
2564	829
2564	7010
2565	153
2565	209
2565	2281
2566	6690
2568	1813
2569	659
2569	2304
2569	4550
2569	4586
2570	188
2570	3787
2571	90
2571	529
2573	5531
2573	5578
2577	1630
2578	20
2578	93
2578	1227
2579	5000
2580	250
2580	1138
2580	6121
2581	2127
2583	2096
2584	4256
2584	4407
2586	2531
2587	4650
2589	2387
2589	3250
2589	4302
2590	1196
2590	3516
2592	314
2594	118
2594	641
2594	1391
2594	2289
2597	6554
2599	1315
2599	7672
2600	258
2604	1575
2607	1756
2609	299
2610	72
2610	248
2610	702
2611	290
2611	4508
2613	3693
2621	2142
2625	4139
2625	5064
2625	6398
2626	6653
2627	3892
2627	5148
2628	307
2629	239
2629	2125
2629	4500
2630	1098
2632	274
2632	1241
2632	2348
2633	206
2633	7421
2634	2277
2634	4090
2634	5767
2635	28
2635	722
2635	1039
2637	2130
2637	3135
2637	4034
2639	5
2639	7203
2641	2069
2642	512
2642	1001
2642	1426
2647	2125
2648	6015
2649	3022
2650	4205
2653	3394
2655	4336
2656	456
2656	4086
2656	4113
2658	362
2660	207
2660	1008
2661	6517
2664	30
2664	1157
2664	2032
2664	5031
2672	4506
2676	2005
2676	2852
2676	6281
2680	7500
2683	3785
2688	1129
2690	6466
2692	125
2692	4016
2694	317
2696	134
2696	5521
2697	380
2697	603
2698	7205
2703	563
2704	2025
2710	2856
2711	3256
2713	5148
2715	4855
2719	5137
2720	502
2720	3213
2724	4000
2725	4126
2727	2094
2727	4083
2728	741
2729	4326
2732	3564
2747	252
2750	813
2750	1148
2750	1547
2750	2119
2751	318
2751	380
2751	2657
2752	1704
2753	820
2754	4016
2754	4687
2754	5001
2755	4635
2756	1750
2757	3007
2758	36
2758	516
2762	49
2762	595
2763	358
2766	81
2766	396
2766	1048
2766	1174
2766	2344
2766	4600
2766	6033
2766	6586
2767	5633
2768	6126
2769	2352
2769	2393
2769	3133
2770	251
2770	2078
2771	13
2771	4657
2773	201
2774	601
2781	1779
2781	6109
2782	4501
2783	1290
2784	2160
2786	4669
2788	525
2789	71
2789	286
2791	2027
2792	126
2793	98
2799	4206
2800	6266
2801	5078
2805	6
2805	6343
2809	4227
2813	94
2813	337
2813	1815
2814	2078
2814	4391
2815	322
2815	1647
2815	6067
2817	3125
2818	467
2818	1002
2818	7148
2819	938
2820	5274
2822	1033
2824	4396
2829	5687
2835	15
2836	4144
2836	5268
2846	287
2846	1149
2848	4066
2850	2821
2851	3285
2853	1376
2854	8
2869	83
2869	153
2875	253
2875	313
2875	2008
2875	2135
2879	4032
2879	6756
2881	17
2883	2005
2889	5376
2892	4453
2894	567
2894	4000
2895	7625
2901	4123
2901	4385
2906	266
2906	2092
2908	2313
2910	1056
2912	5407
2918	1525
2920	1045
2923	6043
2926	83
2935	2621
2938	2344
2940	6
2953	2509
2957	727
2961	5120
2969	469
2969	3156
2969	5066
2970	6448
2973	204
2974	3254
2994	5537
3000	513
3000	605
3000	663
3000	2274
3000	3873
3000	4250
3000	4813
3000	6256
3001	335
3001	2192
3001	2637
3001	3824
3001	4004
3001	5515
3002	88
3002	262
3002	390
3002	793
3002	3009
3002	4502
3003	126
3003	1265
3003	2039
3004	1
3004	12
3004	204
3004	266
3004	321
3004	1237
3004	2130
3004	2189
3004	2228
3004	4132
3004	6380
3005	32
3005	34
3005	276
3005	1908
3005	4537
3006	88
3007	2021
3008	147
3008	153
3008	564
3008	1157
3008	1590
3008	4001
3008	4467
3008	5056
3008	5190
3010	4016
3012	1758
3014	258
3014	1661
3014	4070
3014	5508
3016	1041
3016	1071
3016	2004
3016	3424
3016	4535
3016	6023
3018	4053
3018	4389
3018	7004
3019	3204
3019	5410
3020	1621
3020	4219
3021	188
3021	6004
3022	438
3023	6027
3024	500
3024	4071
3024	7290
3026	1192
3029	160
3029	1001
3029	6014
3030	5
3031	267
3031	2039
3031	6125
3032	2164
3032	4144
3033	313
3033	4131
3033	4953
3033	5066
3034	1750
3034	4113
3035	768
3035	2250
3035	2733
3035	5195
3035	5676
3035	6025
3036	2253
3037	3527
3039	2111
3039	2525
3041	5000
3041	5117
3043	2111
3046	6673
3047	204
3047	662
3047	1204
3047	6541
3048	12
3048	4438
3048	7160
3049	1008
3049	4872
3050	2030
3051	11
3051	1812
3051	4000
3051	5039
3052	510
3053	6413
3053	7137
3055	2032
3059	2073
3061	1369
3063	432
3063	529
3063	1500
3063	1508
3063	3500
3063	3579
3064	637
3064	1692
3064	3040
3065	64
3066	2705
3067	344
3067	502
3067	659
3067	782
3067	3252
3067	4096
3068	5082
3069	524
3070	547
3070	4394
3072	522
3072	2001
3072	2051
3078	297
3078	3913
3079	73
3079	3377
3080	6550
3081	6344
3082	4838
3083	4016
3086	5219
3087	141
3089	2266
3089	5514
3090	189
3091	1837
3092	3156
3092	7251
3094	63
3094	761
3095	1269
3095	4000
3096	2141
3096	4284
3098	6589
3100	6036
3100	6512
3102	500
3103	3752
3106	1001
3106	1005
3110	1006
3112	1762
3115	298
3117	1789
3117	6630
3125	517
3125	1063
3125	2172
3125	2506
3125	4694
3125	6543
3126	1009
3126	4892
3127	1157
3127	3004
3127	6000
3128	510
3128	1114
3128	2030
3128	2254
3130	4641
3130	4794
3131	1291
3132	2632
3133	6
3133	2020
3133	2321
3133	3875
3133	6254
3134	516
3134	4770
3134	6164
3135	11
3135	3131
3137	2321
3138	1000
3139	1126
3141	315
3141	775
3142	4002
3142	6034
3144	7258
3145	384
3145	2601
3150	1058
3153	4230
3154	774
3154	2174
3154	2931
3156	94
3156	2000
3156	2129
3156	4017
3157	3111
3157	4129
3158	3129
3160	903
3160	1815
3160	4004
3162	2099
3164	1133
3164	3071
3164	7221
3166	152
3166	4564
3172	5567
3172	6001
3177	98
3177	1273
3179	3047
3180	21
3182	821
3182	1023
3188	22
3188	1590
3189	2047
3191	86
3191	135
3191	4137
3191	5656
3194	4348
3196	5251
3201	4137
3203	177
3205	148
3205	2129
3209	2258
3220	5035
3223	4328
3223	5004
3225	4255
3227	625
3229	3063
3229	3664
3234	282
3234	2192
3247	1112
3251	345
3251	3782
3252	0
3252	140
3252	511
3252	3384
3253	4027
3254	322
3254	1981
3254	2000
3256	1110
3256	2063
3256	3156
3256	4504
3258	1659
3258	4642
3259	1828
3261	540
3262	1641
3263	1003
3263	1190
3265	4144
3266	0
3266	5312
3267	514
3267	2285
3267	4470
3267	6009
3269	2306
3270	4521
3271	1383
3271	2884
3272	1107
3274	407
3274	1896
3274	4128
3274	5312
3279	4352
3281	1125
3281	3130
3281	5031
3283	4802
3283	5411
3285	3035
3285	5984
3285	6010
3289	1755
3289	4047
3289	6202
3291	6578
3297	1
3297	36
3297	504
3298	2578
3300	6000
3301	6534
3303	5047
3303	6572
3310	5714
3313	2064
3313	2154
3313	2297
3314	1008
3314	2031
3315	567
3315	1532
3315	4141
3316	322
3316	5130
3316	6037
3316	6535
3317	2509
3317	4133
3317	5265
3321	5750
3321	6593
3322	17
3322	126
3323	387
3324	1501
3325	6040
3326	5072
3329	642
3329	4381
3330	141
3332	4269
3332	4455
3334	2036
3336	541
3336	711
3336	3067
3341	68
3341	2603
3344	231
3344	2570
3344	5002
3344	6252
3345	4688
3346	1692
3348	18
3348	541
3349	65
3357	2066
3359	538
3359	659
3371	2781
3375	7058
3376	2278
3377	6136
3378	41
3379	5094
3381	4037
3383	201
3383	940
3383	1037
3383	1109
3383	4000
3383	4272
3384	1195
3384	2142
3388	319
3394	5020
3399	4625
3400	283
3403	4633
3404	1006
3406	4674
3406	5044
3408	407
3410	4359
3411	23
3411	4140
3432	17
3442	3395
3451	6562
3455	17
3469	5068
3476	2004
3484	4559
3500	0
3500	1055
3500	1141
3500	3263
3500	3581
3501	2782
3501	4547
3502	1
3502	157
3502	1003
3502	5062
3503	508
3503	4002
3503	6505
3504	125
3508	37
3508	2065
3508	2066
3508	4033
3510	1028
3511	2507
3512	1352
3512	2055
3514	2160
3516	4130
3516	4707
3517	1207
3518	3139
3518	4808
3519	7066
3520	188
3520	2196
3522	128
3523	787
3524	7
3524	988
3525	118
3525	653
3526	4542
3527	439
3529	129
3531	87
3531	227
3531	6165
3533	7281
3536	46
3536	552
3538	5129
3539	1500
3539	6509
3540	4009
3543	2203
3545	379
3549	4805
3555	32
3555	1821
3561	1004
3563	6502
3564	2063
3564	2088
3564	5618
3566	212
3568	4133
3570	4027
3571	808
3571	2016
3571	2715
3576	4938
3576	6771
3579	2343
3579	4068
3580	17
3580	510
3581	2032
3583	133
3588	4065
3596	1141
3596	4812
3606	0
3609	82
3616	165
3617	0
3625	156
3625	2000
3626	2086
3626	5713
3626	6285
3627	1381
3628	1768
3630	290
3631	4519
3633	189
3633	266
3636	2203
3641	2158
3641	3668
3642	829
3644	1253
3645	2266
3656	4074
3657	192
3662	2751
3664	260
3668	2301
3672	656
3672	2067
3673	259
3674	188
3676	64
3684	391
3688	7632
3689	20
3689	724
3696	1
3707	633
3721	282
3734	394
3740	64
3742	4051
3750	278
3750	1696
3750	2254
3750	5382
3751	1065
3751	2260
3753	5140
3754	26
3754	4633
3754	6367
3755	1157
3756	12
3756	250
3756	4066
3757	94
3757	4632
3760	693
3760	2143
3762	95
3762	4000
3763	1626
3766	4314
3766	5166
3771	36
3777	891
3782	1000
3785	4111
3789	6250
3789	6828
3791	919
3793	4256
3797	1254
3798	3111
3813	1224
3813	2018
3813	2263
3813	2977
3816	1063
3817	6347
3821	2
3825	7377
3829	5492
3829	6015
3834	1001
3838	219
3839	1001
3852	2883
3854	500
3876	1545
3893	2031
3893	6019
3893	6477
3918	3766
3920	6566
3928	1251
3937	4518
3937	5365
3945	1750
3953	32
3972	4117
3980	3
3989	348
3989	6255
4000	0
4000	34
4000	119
4000	159
4000	258
4000	266
4000	330
4000	379
4000	544
4000	594
4000	832
4000	1039
4000	1046
4000	1543
4000	1618
4000	2160
4000	2651
4000	2688
4000	2783
4000	3383
4000	4752
4000	5068
4000	5166
4001	130
4001	431
4001	500
4001	759
4001	4813
4001	6000
4001	7095
4001	7508
4002	168
4002	291
4002	383
4002	1274
4002	1627
4002	2004
4002	2016
4002	2365
4002	2735
4002	3070
4002	4270
4002	5508
4002	6328
4003	33
4003	55
4003	83
4003	458
4003	500
4003	735
4003	825
4003	1782
4003	1849
4003	3133
4003	6017
4004	5
4004	96
4004	375
4004	479
4004	1086
4004	1319
4004	2250
4004	4133
4004	4172
4004	4750
4004	5263
4004	5328
4004	5703
4004	7312
4004	7543
4005	2312
4005	4568
4005	6252
4006	2500
4006	6175
4007	17
4007	132
4007	2260
4008	5
4008	16
4008	38
4008	2131
4008	2629
4008	2884
4008	4840
4008	5139
4009	63
4009	508
4009	1157
4009	1596
4009	2162
4009	2566
4009	4121
4010	4
4010	4008
4010	4376
4010	5500
4011	266
4011	1533
4011	2541
4012	5388
4012	5886
4012	6510
4013	2660
4013	2750
4013	2875
4014	194
4014	1095
4014	4379
4014	5760
4015	5067
4016	362
4016	627
4016	1042
4016	1391
4016	2004
4016	4017
4016	4532
4016	6242
4016	6677
4016	6701
4017	129
4017	226
4017	2127
4017	2302
4017	6307
4018	0
4018	141
4018	2290
4018	4188
4018	4269
4019	1000
4019	3751
4019	7033
4020	74
4020	322
4020	598
4020	828
4020	958
4020	1008
4020	1049
4020	1127
4020	1504
4020	1577
4020	2053
4020	2285
4020	3355
4020	4143
4020	4502
4020	4600
4020	4708
4020	6637
4021	5
4021	1500
4021	2619
4021	4562
4023	1407
4023	2082
4023	2568
4023	3019
4023	3063
4024	291
4024	2516
4025	98
4025	288
4025	7000
4025	7570
4026	163
4026	219
4026	1922
4026	6192
4027	258
4027	2297
4027	3504
4028	500
4028	938
4029	188
4029	629
4029	1285
4029	5013
4030	7709
4031	95
4031	325
4031	387
4031	437
4031	520
4031	821
4031	1217
4031	1345
4031	2649
4031	3256
4031	4013
4031	4285
4031	4506
4032	0
4032	106
4032	141
4032	162
4032	477
4032	578
4032	1514
4032	4264
4032	6377
4033	98
4033	172
4033	516
4033	1509
4033	3605
4033	4026
4033	4408
4033	5687
4033	6644
4034	1188
4034	2063
4035	1000
4035	2024
4035	2188
4035	4267
4035	6503
4036	2078
4036	2157
4038	69
4038	4074
4038	6000
4039	1018
4039	4273
4039	4286
4040	595
4040	5132
4040	6703
4043	2463
4044	6252
4046	2509
4046	7050
4047	388
4047	815
4047	1078
4047	3252
4047	4633
4048	180
4048	1516
4048	2315
4048	2528
4048	4532
4048	6325
4048	7135
4051	34
4051	83
4051	3594
4051	5191
4052	305
4053	3174
4054	282
4055	4750
4056	3252
4058	5015
4059	169
4059	2066
4061	2377
4061	4675
4062	63
4062	98
4062	173
4062	657
4062	1143
4062	2024
4062	2551
4062	2766
4062	3642
4062	4582
4062	5062
4062	5258
4062	7016
4063	2098
4064	5206
4065	1997
4065	2283
4066	40
4066	252
4066	422
4066	1033
4066	1060
4066	2016
4066	2167
4066	2508
4066	4137
4066	4262
4066	6035
4066	6660
4067	1084
4067	1501
4067	2007
4068	66
4068	7570
4069	1099
4069	1120
4070	1237
4070	1422
4070	4418
4070	6446
4071	74
4072	2454
4072	2510
4072	6648
4073	2
4073	594
4073	6016
4074	131
4074	4758
4074	6446
4075	174
4076	13
4076	570
4076	755
4078	119
4078	286
4078	573
4078	2127
4078	4875
4078	5187
4078	6633
4078	7066
4079	1076
4080	1532
4080	3008
4080	4594
4080	4724
4081	375
4081	534
4081	727
4081	1000
4081	3222
4082	125
4082	2754
4082	6063
4084	528
4084	1500
4086	7
4086	3113
4086	5626
4086	6268
4089	2141
4090	732
4090	1368
4091	2200
4092	6605
4093	235
4093	411
4093	2316
4093	5055
4094	942
4094	2190
4094	4051
4094	4467
4095	2094
4095	4282
4096	126
4096	628
4097	2200
4099	4298
4099	4576
4101	516
4102	519
4102	1012
4102	7015
4103	1000
4103	4003
4103	4943
4106	5
4107	1149
4109	314
4109	360
4110	113
4110	1393
4110	2251
4110	2502
4110	5548
4111	2
4111	254
4111	4014
4111	4151
4112	5757
4113	2016
4113	5023
4116	290
4117	380
4117	563
4120	1
4125	9
4125	32
4125	83
4125	254
4125	1063
4125	2741
4125	5318
4126	125
4126	375
4126	627
4126	1753
4126	3756
4126	4314
4126	5016
4126	6565
4126	6634
4127	258
4127	330
4127	797
4127	1996
4127	2297
4127	2455
4127	3006
4127	3629
4127	4192
4127	6687
4128	380
4129	403
4129	1008
4129	1696
4129	4299
4129	4407
4129	4564
4130	41
4130	4131
4130	6144
4131	14
4131	3970
4132	625
4133	74
4133	268
4133	502
4133	1016
4133	1143
4133	1315
4133	1600
4133	1670
4133	2403
4133	2855
4133	6064
4133	6274
4134	41
4134	2657
4134	3001
4134	3676
4134	5004
4134	6444
4136	6769
4137	4125
4140	432
4141	1500
4141	4191
4141	6196
4141	7047
4142	84
4142	534
4142	3038
4143	90
4143	3626
4143	5032
4144	384
4144	1033
4145	10
4145	1141
4145	2141
4145	3071
4146	4039
4147	7044
4148	1142
4149	4703
4149	6730
4150	1267
4152	1087
4156	563
4156	2883
4156	3066
4156	4012
4157	155
4157	3133
4158	211
4158	727
4158	1563
4158	1567
4160	418
4160	753
4160	2533
4160	3613
4162	17
4162	2314
4163	3035
4164	36
4164	2001
4164	2178
4164	6235
4167	8
4167	951
4167	2553
4168	1172
4169	169
4172	68
4172	5504
4173	508
4175	40
4176	6755
4177	2501
4180	1033
4181	500
4184	5047
4184	5261
4185	3635
4187	32
4187	297
4187	1014
4187	1627
4187	2021
4187	3078
4187	3776
4187	4094
4187	4273
4187	6007
4188	2004
4188	3094
4188	4259
4188	7375
4189	6255
4191	8
4191	232
4191	1036
4191	2125
4191	4552
4191	6038
4193	204
4193	539
4193	1821
4193	2641
4194	533
4194	2072
4194	7500
4195	2117
4195	7191
4196	4134
4197	4324
4198	43
4198	3226
4199	3656
4201	2440
4202	2899
4203	1007
4206	3037
4207	319
4207	4259
4208	1022
4209	6665
4210	6001
4211	6078
4215	5320
4216	17
4216	592
4217	2524
4219	375
4219	766
4219	2545
4220	2165
4220	5253
4220	5765
4220	5941
4221	1297
4221	4468
4221	6122
4222	2672
4222	3043
4225	2637
4227	280
4227	707
4227	1125
4230	64
4234	3320
4234	5534
4238	2719
4238	4777
4240	4018
4242	766
4244	776
4246	606
4250	3
4250	126
4250	392
4250	674
4250	1145
4250	1268
4250	2520
4250	3016
4250	4398
4250	5144
4250	5219
4250	5908
4251	2088
4251	2563
4251	4109
4252	79
4252	219
4252	1172
4252	1250
4252	3000
4252	4798
4253	4149
4253	4298
4253	5549
4253	6322
4253	7150
4254	563
4254	1000
4254	2000
4254	2174
4254	3000
4254	4066
4254	6166
4255	379
4255	770
4255	4732
4255	5876
4255	6381
4255	6722
4256	305
4256	2567
4256	4011
4256	6632
4256	7535
4258	276
4258	816
4258	3014
4259	1018
4259	4406
4260	797
4260	907
4260	1017
4260	2727
4260	7750
4261	649
4261	1149
4262	4018
4262	5062
4263	4156
4266	285
4266	383
4266	500
4266	5064
4266	5885
4266	6140
4267	313
4267	6648
4268	6375
4269	1
4269	1510
4270	5267
4271	390
4271	775
4272	6086
4273	878
4273	6048
4277	6
4277	1432
4277	4720
4278	24
4279	516
4279	2012
4281	1368
4281	2535
4281	2563
4281	4407
4281	6254
4282	4312
4283	596
4283	768
4283	6018
4283	6540
4285	2129
4285	2382
4285	3022
4285	4264
4286	41
4287	0
4287	195
4289	2379
4289	4062
4290	5100
4290	5828
4291	176
4292	5258
4295	5517
4297	1877
4305	4140
4307	3058
4308	895
4310	1471
4312	1002
4312	1080
4312	3520
4312	4003
4312	4830
4313	100
4313	561
4313	1752
4314	1194
4314	1633
4314	2414
4315	125
4315	633
4316	37
4316	539
4316	1524
4319	7658
4320	635
4320	1003
4321	639
4321	7031
4322	1633
4322	4502
4323	1806
4324	8
4324	386
4328	4250
4330	1645
4332	4582
4333	192
4333	5519
4335	1282
4336	4964
4336	6633
4337	5041
4338	0
4338	5015
4342	539
4344	669
4344	4182
4344	7032
4345	529
4347	661
4348	4324
4349	2283
4350	5065
4352	6525
4354	119
4360	6400
4361	273
4361	6015
4366	5516
4367	1086
4371	1172
4375	6
4375	391
4375	2000
4375	2908
4375	6875
4375	7000
4375	7766
4376	2470
4376	4187
4376	4898
4377	2645
4378	129
4379	2594
4379	3508
4379	4000
4380	7750
4381	914
4382	4068
4383	1157
4383	1283
4383	1516
4383	4234
4386	768
4386	5536
4391	1145
4391	4254
4391	4877
4392	8
4392	18
4393	6448
4394	5189
4394	6150
4394	6814
4395	2139
4396	224
4399	5076
4400	198
4404	1034
4405	5008
4406	754
4406	1125
4406	1177
4407	2258
4407	5454
4408	1267
4408	2321
4409	1063
4409	2375
4409	5792
4410	4047
4410	6254
4412	318
4412	2500
4414	1127
4414	2064
4414	2201
4414	4000
4416	0
4416	21
4417	1438
4422	1251
4422	3894
4422	7158
4423	1290
4423	6009
4427	1369
4430	2547
4435	2220
4437	270
4437	641
4437	645
4437	3456
4439	528
4439	2552
4440	1275
4440	1611
4440	5078
4441	40
4441	5376
4441	6813
4443	125
4447	1313
4448	454
4451	2328
4451	5269
4453	407
4454	1500
4454	4790
4455	750
4455	5594
4457	38
4461	4066
4468	1010
4469	1053
4470	0
4472	4158
4475	36
4476	4530
4486	190
4494	4562
4500	2009
4500	2287
4500	2502
4500	2708
4500	3292
4500	4767
4500	5078
4500	6131
4500	7562
4501	16
4501	1196
4501	2018
4501	4812
4502	266
4502	2032
4502	2091
4502	5271
4503	743
4504	12
4504	16
4504	338
4504	392
4504	758
4504	1297
4504	1330
4504	2328
4504	5060
4504	5101
4504	5547
4505	1250
4505	2281
4505	2501
4505	4564
4506	3143
4506	5351
4507	81
4507	5020
4507	6757
4508	2119
4508	2252
4508	4328
4508	4758
4508	4812
4509	0
4509	63
4509	326
4509	565
4509	4268
4510	400
4510	5031
4511	5209
4512	549
4512	5376
4513	1626
4513	4752
4513	6031
4514	196
4516	149
4516	266
4516	267
4516	313
4516	2324
4516	2325
4516	5254
4516	5750
4516	7758
4517	91
4517	125
4517	1126
4517	2406
4517	4063
4518	6075
4519	878
4520	3815
4523	2627
4523	6295
4524	68
4528	6
4528	1599
4529	1538
4529	4001
4530	3029
4531	798
4531	1002
4531	2227
4531	3579
4531	4000
4531	5043
4532	11
4532	1778
4533	1016
4533	1204
4534	2
4534	2530
4534	5172
4535	1001
4535	5125
4535	6566
4537	5260
4539	33
4539	409
4539	612
4539	1028
4539	1210
4539	6031
4542	7500
4543	141
4545	2409
4547	125
4547	692
4547	1536
4547	2750
4547	7458
4548	762
4549	262
4550	6391
4551	198
4551	5137
4552	5081
4553	4062
4554	630
4554	1064
4555	1743
4555	3625
4555	4564
4555	4945
4557	4125
4558	1625
4559	5039
4562	37
4562	535
4562	1006
4562	1313
4562	4786
4562	6562
4563	4607
4564	1643
4564	5230
4564	5273
4564	6009
4564	6547
4565	2063
4566	344
4566	440
4566	1095
4566	3519
4566	4282
4568	6243
4569	131
4569	1064
4570	767
4570	1125
4572	4161
4574	102
4574	1003
4578	1236
4578	6625
4578	6660
4579	196
4579	1052
4579	2254
4579	2757
4579	3377
4580	327
4580	556
4580	3129
4581	954
4582	563
4582	2321
4582	4375
4582	5141
4586	79
4586	2256
4586	4786
4587	532
4588	1510
4589	2259
4590	688
4595	219
4596	2013
4597	298
4597	5026
4598	5135
4601	516
4601	1782
4601	2642
4601	5383
4602	2396
4605	2002
4609	813
4609	5617
4611	688
4615	508
4617	2013
4618	1291
4619	29
4621	2254
4623	32
4625	377
4625	385
4625	2315
4625	3504
4625	4016
4626	4001
4626	6636
4627	137
4627	1319
4627	5258
4629	506
4630	1533
4632	813
4632	5031
4633	989
4633	4000
4634	14
4634	2017
4638	91
4638	163
4638	3564
4641	1750
4641	2391
4641	3509
4641	4689
4641	5062
4641	5298
4641	5455
4642	1275
4642	2565
4643	149
4643	4029
4644	6023
4645	1000
4645	7542
4648	5625
4648	6156
4650	2032
4650	3052
4650	5133
4656	16
4656	128
4656	377
4656	3255
4656	6695
4657	689
4657	3070
4657	5290
4657	6015
4658	132
4658	315
4660	165
4660	1469
4660	2474
4662	6668
4663	5031
4664	32
4664	4008
4666	844
4667	133
4667	1523
4670	32
4672	942
4672	1602
4672	3017
4673	3752
4674	4009
4674	4024
4674	4040
4676	2197
4678	5256
4680	649
4682	2747
4683	211
4687	1103
4687	1517
4687	4133
4689	2503
4690	2636
4691	1
4691	2008
4691	4921
4696	2530
4699	1563
4699	1703
4699	2834
4702	40
4703	1696
4703	6004
4704	2301
4705	2036
4707	5103
4711	2664
4713	2129
4717	4562
4719	65
4719	3635
4730	766
4730	4020
4730	4312
4730	4656
4731	1063
4734	1133
4750	95
4750	501
4750	668
4750	1001
4750	1002
4750	1508
4750	2781
4750	4014
4750	4562
4751	2678
4753	4328
4753	5000
4754	75
4754	329
4754	3789
4754	5064
4755	691
4756	2132
4758	2391
4758	4500
4758	4675
4758	4910
4758	5063
4758	5128
4759	455
4760	286
4760	1368
4762	2095
4762	2656
4762	5947
4764	94
4764	2258
4766	4500
4766	5878
4767	0
4767	7082
4768	6017
4770	5035
4771	5056
4774	1382
4774	4567
4776	166
4776	4087
4779	2627
4781	3523
4781	4814
4786	6352
4787	411
4787	505
4789	2001
4789	2087
4790	1268
4795	4022
4797	2383
4798	63
4798	3518
4803	1596
4805	9
4805	3133
4809	5208
4812	205
4812	1555
4812	3768
4812	5377
4814	134
4814	1022
4816	14
4816	5126
4819	5944
4820	47
4820	2256
4821	94
4821	6048
4828	1758
4828	3540
4830	533
4836	4036
4837	2771
4839	4570
4840	114
4840	1019
4841	2625
4844	2252
4844	4271
4845	2545
4845	4881
4848	4062
4849	1002
4855	448
4858	1901
4859	5275
4875	72
4875	85
4875	1289
4875	4334
4875	5153
4876	5103
4877	4379
4878	3701
4879	457
4879	3725
4881	4188
4884	2375
4885	573
4885	1662
4888	1978
4891	12
4892	40
4896	7628
4898	1192
4898	6283
4901	235
4902	3031
4906	380
4908	3344
4910	260
4913	1688
4913	2113
4915	1000
4919	1017
4928	4752
4937	41
4937	4001
4939	5645
4940	2080
4969	172
4969	938
4969	4020
4973	159
4978	4137
4986	2622
4989	501
5000	250
5000	447
5000	596
5000	3766
5000	4203
5000	4815
5000	5001
5000	6097
5000	6265
5001	1621
5001	3353
5002	4
5002	32
5002	375
5002	539
5002	1635
5002	4275
5002	5151
5003	628
5003	1133
5003	4272
5004	504
5004	1036
5004	1720
5004	1736
5004	2009
5004	4170
5004	5461
5004	6533
5004	7191
5006	2540
5007	3156
5007	3504
5008	64
5008	67
5008	625
5008	923
5008	2329
5008	7257
5009	1026
5009	2939
5010	5508
5010	6093
5011	89
5012	118
5012	5687
5013	256
5014	297
5015	2
5015	1048
5015	2000
5015	2095
5015	3782
5016	1760
5017	6001
5018	2033
5018	2041
5018	4516
5019	5002
5019	7578
5020	32
5020	2189
5022	3375
5024	2726
5025	2135
5029	1473
5031	1
5031	785
5031	1129
5031	2289
5031	4010
5031	4571
5032	516
5032	1300
5032	1563
5033	63
5034	2438
5035	4286
5036	2090
5037	4011
5037	5890
5038	1470
5038	5500
5039	501
5039	3658
5040	505
5041	125
5041	2178
5041	5324
5043	2688
5047	300
5047	2252
5047	4281
5048	1141
5048	4066
5049	158
5049	375
5049	4117
5051	660
5051	4629
5053	134
5054	3044
5055	102
5055	376
5058	443
5058	2961
5058	3332
5062	1582
5062	6030
5063	4189
5064	304
5064	3138
5064	4521
5065	384
5065	2067
5065	7328
5066	2008
5066	4363
5068	558
5068	6169
5070	221
5070	1020
5070	4031
5072	165
5072	1547
5078	370
5078	452
5078	1033
5078	1259
5078	4222
5078	5853
5078	6135
5080	166
5080	7271
5083	2189
5084	1625
5084	4164
5086	603
5094	500
5094	925
5094	1681
5094	6607
5095	1021
5095	3813
5095	6293
5095	6532
5096	664
5098	2984
5101	1153
5103	4001
5104	3000
5112	1006
5113	2032
5115	4750
5117	79
5117	2160
5118	94
5125	1071
5125	6757
5126	43
5126	4562
5126	5332
5126	6843
5127	314
5127	782
5127	7629
5128	5626
5129	1533
5129	3309
5129	6252
5130	2565
5131	3022
5131	4019
5133	2001
5133	3078
5133	4157
5133	5007
5133	5066
5133	6097
5134	2631
5134	3145
5135	755
5135	2035
5137	6523
5139	5758
5140	32
5140	519
5140	4690
5141	4438
5142	4258
5146	3031
5146	6033
5147	1158
5148	3820
5156	2528
5156	2662
5156	4509
5157	1141
5157	5445
5159	1891
5159	6187
5161	5401
5161	6562
5162	83
5163	1000
5164	2506
5164	2513
5166	270
5169	2125
5172	220
5173	16
5173	2252
5175	2801
5177	2266
5181	3266
5187	8
5187	17
5187	1041
5187	3629
5189	149
5189	1027
5189	6039
5190	2019
5191	339
5191	1196
5196	1071
5202	287
5204	6767
5216	503
5219	56
5230	2516
5238	2672
5243	4509
5248	2321
5250	157
5250	1102
5250	2028
5250	2245
5250	2642
5250	4096
5251	411
5251	2403
5251	7500
5252	16
5252	63
5254	2238
5255	71
5255	6291
5256	627
5256	2016
5257	590
5257	2306
5261	3071
5262	26
5262	1170
5262	3153
5263	3252
5264	1908
5264	7039
5265	4218
5266	4160
5266	4570
5269	3770
5271	261
5271	5023
5273	6
5273	1508
5274	6004
5277	1501
5279	4345
5279	5022
5281	1415
5281	5189
5283	1689
5284	4125
5285	22
5289	4715
5290	7268
5291	1641
5293	7275
5295	7152
5297	3228
5297	4697
5297	6519
5298	768
5301	75
5301	4099
5308	1274
5312	32
5312	1001
5312	3254
5312	4250
5312	5250
5312	6547
5313	16
5314	2634
5315	4008
5316	1375
5316	4146
5317	5266
5317	6845
5318	1071
5320	1239
5320	2028
5320	5187
5321	3463
5323	4547
5325	103
5325	5547
5328	4410
5329	833
5329	5531
5330	2016
5333	2324
5340	2326
5345	25
5345	4274
5346	386
5346	3508
5347	1067
5347	5047
5349	18
5349	2314
5350	72
5351	2349
5352	289
5352	2136
5352	7510
5355	2016
5359	33
5359	290
5360	526
5369	4266
5375	380
5375	2254
5376	5517
5377	198
5377	758
5377	3099
5379	315
5379	3617
5379	6894
5383	5004
5387	3203
5390	625
5392	129
5394	4295
5395	1688
5406	95
5406	360
5406	948
5407	602
5407	4879
5409	1057
5412	893
5414	6393
5417	4747
5419	4
5419	5006
5424	1008
5424	2695
5437	1349
5439	383
5444	5323
5445	1412
5446	1680
5454	1391
5469	504
5469	6133
5478	6297
5481	629
5500	1259
5500	4032
5500	4536
5500	7257
5501	252
5501	1063
5501	1793
5502	3039
5504	1315
5504	2002
5504	3656
5505	2398
5505	2844
5505	4398
5506	627
5507	6000
5508	414
5509	1042
5511	188
5512	4274
5515	352
5515	1024
5515	2001
5515	4878
5517	165
5517	571
5517	3018
5517	4003
5517	4078
5519	4513
5520	5565
5521	5125
5523	88
5523	453
5524	4135
5528	204
5531	17
5531	1075
5532	5
5532	4400
5534	4254
5534	4353
5539	133
5540	1168
5545	6297
5549	40
5550	4203
5553	4289
5554	5500
5558	12
5559	1944
5562	47
5562	548
5562	1847
5563	791
5563	4571
5565	1125
5569	5070
5570	4043
5570	5000
5570	7375
5571	5312
5574	501
5578	20
5578	1141
5578	2445
5579	1006
5579	3757
5579	4759
5579	6036
5582	625
5582	688
5594	1219
5601	402
5602	2035
5605	4520
5611	568
5614	75
5625	94
5625	1813
5625	4644
5626	158
5626	1003
5626	1074
5627	582
5627	3002
5627	3508
5628	4003
5628	6503
5629	2031
5629	3254
5630	176
5633	1024
5633	5014
5635	1517
5637	253
5638	627
5642	504
5642	2157
5656	2526
5662	211
5663	663
5664	7197
5665	4546
5667	1512
5687	47
5687	2607
5688	4588
5690	2425
5691	7
5694	2125
5700	116
5704	5273
5711	2924
5716	1392
5719	16
5719	101
5719	5505
5721	516
5722	1063
5725	3254
5732	2
5734	2094
5734	5881
5737	1754
5738	4210
5747	1064
5748	6057
5750	998
5750	4010
5750	4135
5755	3598
5755	6144
5762	2300
5765	2324
5765	4070
5771	2030
5779	5742
5781	2739
5782	4061
5783	4071
5789	385
5791	66
5791	797
5795	4874
5797	314
5802	799
5802	5094
5805	6033
5807	5504
5810	33
5820	4148
5820	4604
5830	3315
5832	502
5836	5031
5838	1783
5844	2588
5846	2508
5849	690
5851	325
5851	2047
5855	4952
5863	910
5875	743
5875	2135
5876	35
5881	2274
5886	711
5886	2267
5890	2063
5891	3086
5898	283
5899	4
5907	1094
5907	2263
5922	332
5925	4659
5927	2251
5932	2600
5937	5094
5939	2169
5954	7564
5971	6882
5988	6629
6000	127
6000	146
6000	511
6000	528
6000	928
6000	2500
6000	3899
6000	6039
6001	1149
6001	2564
6001	4003
6001	4070
6001	4285
6002	209
6002	251
6002	411
6002	1267
6002	2354
6002	4125
6002	4289
6002	4754
6002	6504
6003	1516
6003	2049
6004	59
6004	79
6004	98
6004	103
6004	516
6004	2000
6005	4326
6005	4517
6006	3255
6008	4851
6009	150
6010	192
6010	469
6010	573
6011	133
6011	1019
6011	3320
6013	537
6015	0
6015	2847
6015	2945
6015	4018
6015	5194
6016	2165
6016	2381
6016	6204
6016	6305
6017	4452
6018	2180
6018	2269
6019	627
6019	1193
6019	4256
6019	5015
6019	5125
6020	625
6021	442
6021	2502
6021	5135
6023	20
6023	2198
6024	500
6024	2328
6025	4253
6026	446
6026	2032
6027	659
6027	4565
6031	523
6031	1293
6031	1573
6031	4797
6032	1024
6032	6466
6033	5001
6033	6126
6033	6431
6033	7704
6034	2263
6035	55
6037	59
6037	6062
6038	5812
6038	6133
6039	23
6040	4330
6040	5605
6041	882
6041	2004
6041	4783
6041	5128
6043	111
6046	7001
6047	1000
6047	1060
6047	5203
6049	126
6049	2512
6051	0
6052	4035
6053	7845
6054	159
6056	607
6056	1098
6056	6395
6058	2500
6062	222
6062	4629
6063	1315
6063	7602
6064	580
6064	2134
6064	2273
6064	6330
6065	1096
6066	79
6066	2945
6066	5117
6066	7343
6067	1285
6068	22
6068	4066
6069	3242
6070	750
6070	4062
6070	5199
6071	37
6071	133
6071	268
6072	2625
6074	782
6074	5540
6075	259
6078	345
6079	287
6079	782
6080	2002
6084	1367
6084	3632
6093	2014
6093	2141
6093	4501
6094	2630
6094	3238
6094	5265
6095	3178
6095	4644
6096	750
6097	2549
6097	5019
6098	1565
6099	4356
6100	1172
6100	7770
6101	4297
6103	51
6103	586
6109	762
6109	2035
6110	4110
6112	250
6112	2144
6115	6010
6117	2117
6122	283
6125	131
6125	275
6125	816
6125	1508
6125	4129
6125	5000
6125	5684
6125	7170
6126	76
6126	1000
6126	2962
6126	3324
6126	4220
6127	2000
6127	3313
6127	4160
6127	5077
6128	2
6128	4437
6129	301
6129	1036
6129	6423
6130	129
6130	1282
6131	819
6131	4506
6132	231
6133	705
6133	888
6133	3191
6133	6599
6134	7004
6136	2196
6136	4504
6137	3002
6138	1188
6140	567
6140	4225
6141	188
6141	6438
6142	1162
6142	4216
6148	197
6148	1076
6148	6015
6149	691
6156	35
6156	444
6156	502
6156	4245
6156	5000
6157	68
6158	79
6158	197
6160	5203
6160	7160
6162	2328
6164	2625
6172	2079
6174	53
6175	2064
6175	2127
6177	2297
6179	2802
6185	240
6185	4254
6186	1213
6187	2557
6187	5512
6194	5392
6195	629
6195	1000
6195	3563
6195	4610
6197	325
6197	2544
6203	2617
6204	0
6204	2258
6204	2410
6204	3055
6206	2408
6207	1303
6208	1031
6210	2019
6211	5515
6214	875
6215	3080
6217	5500
6219	137
6222	7258
6230	4124
6236	2610
6237	5022
6237	6157
6250	1526
6250	2376
6250	2518
6250	2875
6250	5072
6251	138
6251	258
6251	2543
6251	6047
6252	4500
6253	501
6253	3141
6253	3620
6253	5531
6254	2334
6256	1037
6258	166
6258	1005
6258	3630
6258	4031
6258	4579
6258	7648
6263	12
6264	1023
6265	1878
6265	4041
6265	5152
6266	282
6266	2256
6268	2125
6269	1788
6270	4099
6270	6047
6271	200
6271	1076
6273	2065
6278	2502
6279	4352
6281	261
6283	4663
6285	4885
6286	1007
6289	504
6289	1290
6290	4035
6291	1517
6302	6006
6304	6747
6308	2003
6310	941
6312	3032
6313	1571
6316	4542
6317	4070
6318	1
6320	717
6321	84
6321	1330
6324	1384
6328	33
6329	4158
6330	266
6330	3091
6330	5321
6331	3447
6336	1613
6344	3529
6347	274
6347	813
6347	6099
6351	4058
6354	8
6354	219
6356	1532
6360	2959
6365	4564
6365	4572
6375	1071
6376	2243
6377	399
6377	669
6379	5759
6380	2504
6383	71
6384	205
6384	2535
6386	36
6390	704
6390	7763
6392	313
6392	512
6392	1130
6396	5152
6406	3188
6406	5250
6410	81
6415	4354
6416	2006
6422	713
6422	2065
6423	6532
6429	2879
6432	5441
6437	1070
6437	2069
6438	4501
6439	2063
6441	4
6441	1285
6445	4395
6447	6261
6447	6502
6449	4375
6451	3259
6452	2554
6457	1584
6460	2406
6461	4324
6468	579
6470	940
6472	95
6482	7973
6486	2149
6488	127
6488	6503
6500	4393
6501	127
6501	270
6502	1262
6502	5350
6502	5378
6504	539
6504	1026
6504	1096
6504	4316
6504	4920
6505	4250
6505	4258
6506	268
6506	3254
6507	614
6507	2119
6507	3324
6507	6328
6510	63
6511	5329
6511	5691
6513	188
6515	1326
6515	5087
6516	3516
6518	2002
6520	278
6520	2461
6521	1000
6523	5829
6523	6108
6525	2111
6527	3782
6528	369
6531	6
6531	1972
6531	2269
6531	4194
6531	6356
6531	7012
6532	7046
6533	33
6533	4281
6535	192
6535	307
6538	5634
6539	1018
6547	579
6548	2105
6553	106
6554	1036
6554	6014
6555	2170
6558	1006
6562	2383
6562	4051
6564	442
6564	2285
6564	4004
6564	4149
6565	2876
6567	1038
6568	259
6570	634
6570	1125
6571	6070
6575	1626
6578	1675
6579	7423
6580	2509
6582	3008
6586	40
6586	2846
6587	33
6588	1391
6593	667
6593	4826
6595	2656
6597	2021
6598	104
6608	4072
6609	1014
6609	4511
6612	2008
6614	6020
6615	787
6620	751
6625	5
6625	1077
6626	1297
6627	647
6627	680
6627	2097
6630	4000
6630	6035
6631	3119
6633	3426
6635	2034
6641	111
6644	2626
6644	4275
6645	2094
6645	2426
6646	5566
6647	6003
6648	3348
6648	7531
6649	3471
6651	1502
6653	4892
6655	4165
6656	1037
6656	1389
6658	8
6660	6609
6662	3540
6673	6043
6683	7545
6689	4547
6691	6909
6693	69
6695	4312
6699	143
6702	1140
6703	2074
6708	94
6711	7073
6718	197
6719	1073
6727	519
6727	7025
6734	844
6738	3512
6742	2001
6750	39
6750	267
6750	2035
6752	2587
6752	6063
6753	2002
6754	914
6754	4062
6756	2633
6757	4314
6758	1020
6759	463
6765	8
6765	4259
6766	659
6767	2127
6769	133
6769	266
6769	1050
6773	2547
6777	3800
6789	96
6792	6187
6796	6294
6804	7067
6812	1204
6814	1557
6814	4594
6816	1567
6818	6268
6825	860
6828	595
6828	7503
6829	262
6830	2522
6835	271
6839	94
6843	4073
6843	4946
6847	130
6854	7515
6863	1572
6876	1145
6876	7234
6880	6094
6881	3141
6884	5842
6891	1516
6892	314
6898	68
6906	1173
6915	125
6922	4005
6925	2656
6939	2
6943	2016
6947	6640
6972	3732
6980	2001
6993	5355
7000	129
7000	226
7000	251
7000	599
7000	1383
7000	2063
7000	5065
7000	6042
7000	7043
7000	7550
7001	2728
7004	991
7004	3126
7005	2151
7005	5094
7007	168
7007	509
7007	625
7007	2164
7007	2235
7007	4334
7007	5803
7007	6125
7007	6793
7008	1004
7009	1002
7009	1006
7009	1029
7010	143
7011	526
7011	4402
7014	938
7014	2599
7016	4113
7016	7172
7017	158
7018	137
7020	6888
7022	1
7023	580
7023	611
7023	4156
7023	6636
7024	6465
7027	5313
7031	2547
7033	4141
7037	158
7039	157
7039	4950
7041	1032
7042	1
7043	4132
7044	1012
7044	2395
7046	1426
7048	3024
7049	5510
7051	4002
7052	6766
7055	1316
7058	40
7058	1916
7059	16
7062	533
7062	1039
7064	133
7064	364
7065	4100
7065	4126
7067	665
7070	3254
7073	2265
7074	438
7076	2283
7078	17
7078	368
7079	4257
7080	2789
7086	5020
7087	5004
7093	903
7094	670
7098	2877
7099	220
7101	6
7101	532
7101	6759
7106	225
7106	6421
7113	1002
7114	1127
7115	1075
7115	3314
7125	1534
7125	6189
7126	3782
7127	125
7127	1702
7128	1188
7129	67
7129	2371
7129	2539
7129	4205
7129	4441
7129	4537
7131	321
7132	2067
7132	3504
7134	657
7136	2418
7140	225
7143	125
7143	263
7149	8
7150	282
7150	1044
7150	1266
7152	250
7153	6063
7157	500
7161	32
7162	98
7164	4070
7171	4267
7174	5586
7175	7328
7176	4016
7179	514
7183	1379
7187	81
7187	324
7187	807
7187	2526
7191	3854
7199	1797
7201	2992
7203	4018
7223	4252
7237	4760
7242	1625
7250	797
7250	2031
7250	4299
7250	4937
7251	939
7251	3250
7251	4072
7251	5629
7252	628
7252	4927
7255	1219
7257	657
7257	4672
7259	251
7263	985
7265	8
7266	1664
7283	2000
7283	5572
7285	7502
7286	7004
7289	3789
7293	6504
7294	2410
7296	4312
7300	4566
7300	7419
7308	118
7314	6714
7335	56
7336	4530
7343	5187
7359	66
7359	2254
7375	4625
7376	1264
7380	5037
7380	6298
7383	190
7390	6203
7395	41
7406	21
7406	1314
7416	2074
7419	5431
7433	321
7437	6219
7439	2
7439	664
7462	6063
7500	261
7500	658
7500	2016
7500	4219
7501	34
7501	1572
7502	3039
7502	4531
7503	2165
7504	1023
7508	209
7509	6629
7510	5722
7515	3582
7518	4889
7519	7254
7521	6126
7524	1375
7524	5504
7535	2073
7535	4025
7539	4100
7540	1010
7546	1118
7546	1133
7562	5282
7564	2644
7566	1267
7567	5754
7570	5015
7571	2256
7576	540
7579	6377
7580	1721
7590	4200
7593	4156
7597	1595
7612	2321
7620	897
7625	2521
7625	6503
7626	8
7626	71
7626	5140
7628	3438
7642	1487
7643	536
7646	1876
7648	4129
7656	4020
7658	610
7662	4543
7663	22
7666	4267
7676	5015
7679	516
7689	256
7691	325
7699	6349
7701	38
7703	2196
7703	5033
7705	17
7707	1500
7722	197
7737	12
7744	582
7750	190
7750	1259
7753	4211
7757	221
7757	508
7757	2004
7765	5166
7766	1080
7766	2006
7770	4819
7770	5025
7773	110
7778	7501
7783	3001
7796	1380
7797	2565
7813	760
7813	4516
7816	4255
7817	2055
7826	4260
7828	2078
7853	1066
7859	6158
7860	190
7875	1508
7890	2438
7891	4703
7901	767
7906	6531
7910	4851
7916	4891
7917	1749
7948	6764
7953	4937
7957	11
7970	463
7978	1511
