6400	6400
0	3
0	7
0	27
0	66
0	70
0	121
0	200
0	258
0	626
0	632
0	656
0	801
0	818
0	860
0	914
0	1001
0	1263
0	1425
0	1724
0	1788
0	1800
0	2023
0	2464
0	2979
0	3212
0	3241
0	3457
0	3850
0	4019
0	4028
0	4306
0	5227
0	5432
1	32
1	551
1	569
1	869
1	950
1	1026
1	1152
1	1751
1	1753
1	2027
1	2478
1	3226
1	3450
1	3659
1	4565
1	4807
1	5400
2	0
2	10
2	29
2	138
2	226
2	230
2	328
2	338
2	510
2	516
2	860
2	1164
2	1250
2	1639
2	1711
2	1806
2	2175
2	2253
2	2512
2	2714
2	2892
2	4784
2	5112
3	219
3	1014
3	1410
3	2063
3	3216
3	3305
3	5518
4	0
4	1
4	64
4	125
4	157
4	162
4	239
4	415
4	525
4	569
4	653
4	802
4	910
4	1108
4	1452
4	1600
4	1606
4	1722
4	1802
4	2002
4	3207
4	3208
4	3269
4	3313
4	3489
4	3901
4	4001
4	4459
4	5870
5	25
5	228
5	251
5	878
5	2213
5	3576
5	5606
6	1114
6	6270
7	102
7	127
7	160
7	226
7	450
7	516
7	578
7	613
7	714
7	807
7	817
7	1183
7	1706
7	1735
7	1751
7	2208
7	2551
7	2979
7	3200
7	3350
7	3362
7	3900
7	4005
7	4456
7	5749
8	17
8	210
8	813
8	889
8	1402
8	3279
8	5271
8	6025
9	972
9	1056
9	1314
9	3473
10	13
10	51
10	335
10	455
10	582
10	842
10	3600
11	216
11	235
11	906
11	1028
11	1600
11	2010
11	2357
11	2808
11	3315
11	3615
11	3638
11	4918
12	2153
12	2176
12	5117
13	25
13	200
13	207
13	305
13	435
13	722
13	763
13	810
13	1054
13	2407
13	2507
13	3400
13	4925
13	5287
13	5762
14	13
14	272
14	717
14	800
14	913
14	1258
14	1443
14	1602
14	1606
14	1800
14	2003
14	2214
14	2249
14	2452
14	2644
14	2878
14	3228
14	3230
14	3325
14	3933
14	4126
14	4756
14	5015
14	5853
16	150
16	301
16	1611
16	2100
16	2452
16	4008
16	4878
16	5242
17	5400
18	9
18	1070
18	1500
18	1744
18	2150
18	3455
19	3
19	258
19	304
19	1277
19	1716
19	1826
19	2056
19	4825
19	5112
19	5914
20	400
20	1717
21	82
21	139
21	200
21	600
21	2025
21	3338
21	4000
22	251
23	245
23	906
23	5799
24	903
24	3715
25	57
25	406
25	432
25	471
25	560
25	942
25	977
25	1056
25	1213
25	1310
25	1463
25	1552
25	1927
25	2702
25	2800
25	3220
25	3433
25	3459
25	4029
26	7
26	1737
26	2002
26	3258
26	4703
26	4816
26	5002
26	6007
27	307
27	1253
27	1255
27	1361
27	2009
27	2182
27	2299
27	2901
27	3133
27	3358
27	3415
27	3625
27	3901
28	2307
28	5525
29	110
29	409
29	418
29	464
29	770
29	889
29	914
29	1006
29	1014
29	1025
29	1612
29	2001
29	2131
29	2529
29	3001
29	3384
29	3513
29	4902
29	5256
29	5953
30	275
30	507
30	3301
30	3512
31	53
31	83
32	130
32	642
32	840
32	1700
32	3219
32	3675
32	4100
32	5200
32	5325
32	5878
33	16
33	5611
34	54
34	305
34	525
34	1238
34	1628
34	6201
35	900
35	1528
35	1713
35	2500
35	3142
36	103
36	703
36	828
36	3446
36	3465
36	4400
37	1403
37	3815
38	219
38	225
38	801
38	956
38	1055
38	1450
38	1639
38	1825
38	3603
38	3922
39	55
39	301
39	404
39	1200
39	1958
39	3321
39	4001
39	5011
39	5302
40	13
40	3216
40	4687
41	1605
41	1650
41	1714
41	4032
41	4349
42	57
42	1556
42	2455
42	2492
43	1663
43	4612
44	400
44	1203
44	3203
44	4509
44	5025
45	3913
46	1078
46	2063
46	2458
46	2500
47	1700
48	40
48	2420
49	307
49	3681
50	47
50	205
50	230
50	805
50	895
50	1200
50	2031
50	2050
50	2147
50	3207
50	3303
50	3309
50	3334
50	3469
50	3608
50	3719
50	4122
50	5201
51	4
51	110
51	4019
51	4901
52	25
52	994
52	1002
52	1037
52	1203
52	1652
52	2062
52	2804
52	3200
52	3209
52	3210
52	3906
53	4
53	35
53	478
53	3450
53	4113
54	13
54	232
54	902
54	2013
54	2150
54	2438
54	3456
54	3531
54	4065
54	4125
54	4359
54	4400
54	4814
54	5200
55	65
55	201
55	805
55	1204
55	5457
55	5675
56	378
56	1616
56	3240
57	254
57	450
57	457
57	710
57	1708
57	2645
57	2931
57	4072
57	4078
57	4215
57	4512
57	5107
57	5653
58	1600
59	407
59	543
59	2328
59	2801
59	3207
60	735
60	1617
60	2807
60	3653
61	5899
62	1005
62	1043
63	50
63	307
63	2784
63	3458
64	107
64	169
64	350
64	800
64	1000
64	1150
64	1270
64	2309
64	4268
64	5112
64	5605
65	19
65	63
65	1850
65	2552
65	5426
66	28
66	41
66	471
66	550
66	832
66	2806
66	3503
66	4133
67	2601
68	100
68	125
68	452
68	1023
68	1833
69	3
69	3326
69	4196
70	1606
70	1708
71	5212
72	278
72	2883
72	3250
72	4353
74	75
75	339
75	402
75	550
75	816
75	883
75	3494
75	3736
75	3816
77	40
77	55
77	1305
77	1851
77	1970
77	3608
78	120
78	200
78	1620
78	4900
78	4909
78	5730
79	255
79	351
79	582
79	2425
79	3554
79	3600
79	3825
79	4854
80	2475
81	14
82	1
82	240
82	1275
82	2004
82	3378
82	3408
82	3525
82	4157
83	1003
83	1442
84	676
84	1830
85	1875
85	3201
85	3258
85	5052
86	1350
86	2417
86	2669
86	3315
88	522
88	803
88	808
88	853
88	3258
88	3263
89	828
89	3413
89	4231
90	3827
93	3684
93	5694
94	34
94	1014
94	2941
94	3226
94	4843
96	551
96	698
96	3451
97	1606
97	4263
99	5003
100	310
100	352
100	400
100	433
100	435
100	602
100	650
100	672
100	1205
100	1214
100	1510
100	2002
100	2027
100	2159
100	3006
100	3325
100	3332
100	3546
100	3619
100	4325
100	4856
100	4900
100	5250
101	407
101	601
101	2226
101	2475
101	3225
101	3311
101	3825
101	4807
102	4
102	77
102	277
102	677
102	856
102	939
102	1451
102	1602
102	2545
102	2906
102	3869
102	5903
103	31
103	1802
103	1978
103	2407
103	2567
103	3200
103	3206
103	3209
103	3234
103	4209
103	4425
103	4825
103	5170
104	20
104	54
104	360
104	3251
105	650
105	1410
105	1974
105	3251
105	3804
106	13
106	303
107	2
107	7
107	13
107	72
107	503
107	1635
107	1706
107	2072
107	2700
107	3300
107	3501
107	3606
107	3615
107	3806
108	114
108	960
109	11
110	225
110	508
110	838
110	4812
110	5400
111	25
111	227
111	432
111	2182
111	3476
111	3743
111	4107
111	5206
111	5778
113	25
113	292
113	503
113	1416
113	1425
113	5490
114	975
114	1052
114	1252
114	1907
114	2246
114	3410
114	3963
114	4711
114	5018
115	114
115	688
115	802
116	546
116	616
116	1253
116	2382
116	2819
116	3269
116	3416
116	5503
116	5687
117	1158
117	5203
118	0
118	57
118	352
119	0
119	133
119	413
119	778
119	2866
119	3627
119	3800
119	4209
120	483
120	1119
120	2138
120	2876
120	3712
121	61
122	263
125	13
125	103
125	203
125	817
125	850
125	1206
125	2352
125	3601
125	4966
126	318
126	1127
127	4
127	5
127	7
127	363
127	444
127	905
127	4575
127	4911
128	194
128	278
128	432
128	1806
128	2412
128	4338
129	353
129	1600
129	1800
129	2041
130	2259
132	429
132	450
132	3258
132	6060
133	328
133	5350
135	2051
135	2406
135	3626
135	5267
136	857
136	2504
138	225
138	229
138	1838
138	3255
138	3276
138	4007
139	529
139	600
139	601
139	927
139	1453
139	2300
139	3612
140	3204
140	3282
141	2
141	1564
141	1606
141	2941
141	4051
143	402
143	1702
143	3330
144	2802
145	200
146	4350
147	1300
149	1005
149	3552
150	43
150	103
150	825
150	1305
150	1606
150	5869
151	3838
151	6306
152	2755
152	3808
153	7
153	75
153	801
153	832
153	1246
153	5600
155	431
157	7
157	19
157	71
157	93
157	425
157	1303
157	1603
157	2219
157	3250
157	4507
157	5007
158	50
158	2406
158	3409
159	960
159	4138
160	5087
161	203
161	403
161	2213
163	24
163	25
163	461
163	801
163	810
163	905
163	914
163	6319
164	100
164	1106
164	3237
164	3726
165	3313
167	803
167	1356
169	1656
170	139
171	4058
172	223
173	3200
175	4
175	402
175	1863
177	63
177	193
177	383
177	1420
178	252
182	2831
182	3665
185	402
185	1003
186	745
187	3440
188	505
188	801
189	5328
190	2009
190	4026
191	1101
191	1203
194	185
194	1622
194	2113
196	63
197	8
200	0
200	22
200	254
200	382
200	838
200	1220
200	1669
200	2500
200	3206
200	3453
200	5202
201	13
201	259
201	450
201	807
201	1551
201	1619
201	1625
201	1707
201	3053
201	3650
202	201
202	526
202	800
202	875
202	1025
202	1641
202	3209
202	3288
202	3608
202	3681
202	4269
202	4413
202	5400
203	113
203	135
203	164
203	265
203	407
203	469
203	498
203	632
203	858
203	1635
203	1650
203	1689
203	1695
203	1824
203	2401
203	2588
203	3250
203	3869
203	4072
203	4112
203	4859
204	362
204	702
204	1670
204	3553
204	4301
205	0
205	7
205	170
206	149
206	3660
206	4137
207	7
207	302
207	438
207	1638
207	2301
207	2964
207	3208
207	3230
207	3626
207	3865
207	4129
207	4157
208	1481
208	2726
208	3479
208	4229
208	4777
208	4912
209	5004
210	26
210	264
210	676
210	1213
210	1266
210	2413
211	1603
211	3508
212	1728
213	314
213	428
213	657
213	1430
213	1614
213	1681
213	1851
213	3279
213	3850
213	6248
214	4
214	219
214	974
214	1763
214	2612
214	2856
214	3328
214	5311
215	51
215	5600
216	813
216	2641
217	978
217	1047
217	2238
217	2455
217	5820
218	2407
218	4836
219	54
219	500
219	757
219	3337
220	3887
221	55
221	275
221	1051
221	1410
221	2052
221	2216
221	3340
221	3400
221	3422
221	3503
225	3
225	553
225	707
225	1053
225	1238
225	2400
225	2802
225	3200
225	3552
226	50
226	713
226	1418
226	4333
226	4995
227	203
227	205
227	1800
227	6226
228	482
228	811
228	1756
228	2134
228	2463
228	4000
229	0
229	3843
229	4304
230	1851
230	5816
231	1656
231	3337
232	423
232	1056
232	1655
232	2519
232	4070
233	3996
235	27
236	1602
238	137
238	541
238	928
238	1202
238	1653
239	60
239	316
239	1604
239	2457
239	2731
239	4225
240	825
241	38
241	49
241	2416
242	525
242	3469
243	1008
243	2607
244	805
244	877
244	2044
244	3338
245	84
249	2459
250	153
250	701
250	1125
250	1764
250	3451
250	5080
251	5634
252	27
252	305
252	3208
253	0
253	172
253	212
253	238
253	264
253	316
253	850
253	1957
253	3209
253	3325
253	4624
254	218
254	4512
255	2663
257	103
257	141
257	501
257	600
257	1475
257	1828
257	2004
257	3278
257	3301
257	5101
258	1171
258	4012
259	169
259	238
259	301
259	1638
260	112
260	603
261	1034
263	227
263	814
263	1751
264	825
264	4004
264	4102
264	4126
264	5701
265	4354
266	3607
267	3326
268	3237
269	55
270	851
271	1603
271	3207
273	303
273	6003
275	277
275	857
275	908
275	1600
275	3612
277	3262
277	4830
278	29
278	102
278	4052
279	1311
280	10
280	269
280	864
280	925
280	1163
282	225
282	4910
284	4819
285	839
285	3811
286	3819
288	4052
289	400
289	3051
289	3300
290	2927
290	3257
291	5116
292	2078
292	4901
294	3005
296	1750
300	19
300	107
300	350
300	357
300	713
300	2025
300	4306
300	5303
300	5334
301	2101
301	3676
302	4
302	300
302	826
302	4262
303	11
303	332
303	505
303	3700
303	3741
303	4815
304	200
304	238
304	1614
304	1903
304	4082
305	209
305	5259
306	1654
307	38
307	116
307	126
307	134
307	651
307	813
307	1814
307	3413
308	218
308	523
308	1278
308	1806
310	226
313	1628
313	2002
314	839
314	1110
314	1676
314	3382
314	3427
314	4813
314	5614
316	1656
316	3428
316	5836
317	2692
318	121
318	404
318	1627
319	291
319	5082
320	436
321	1704
322	328
323	844
325	2
325	460
325	492
325	614
325	1003
325	2600
325	3351
326	1045
326	1253
327	253
327	814
327	1201
327	2204
328	4112
328	6028
328	6203
329	2233
329	3804
330	327
331	5233
332	1042
332	1891
332	3401
332	4114
333	2500
333	5032
334	4967
335	2074
336	4326
338	882
338	1463
339	427
339	638
339	817
339	975
341	316
344	702
344	3256
345	3426
346	536
347	639
347	1013
350	1363
350	2047
350	3306
351	11
351	501
351	1802
351	5250
352	3456
353	762
353	2402
353	4507
354	1938
355	1680
355	3769
356	3475
357	44
357	64
357	3426
357	4458
357	4843
357	5407
357	5734
360	119
360	293
361	227
361	5625
362	2204
363	326
363	1103
363	1221
363	2178
363	3065
363	3252
364	1906
364	3201
364	4879
365	514
366	2556
367	0
368	1700
370	752
371	314
373	1601
375	101
375	144
375	5194
377	596
377	803
377	4514
378	3909
379	3519
379	5651
385	4407
388	3804
392	4593
394	3760
396	4251
396	5440
400	7
400	21
400	26
400	238
400	250
400	416
400	460
400	1126
400	1848
400	3200
400	3206
400	3305
400	3522
400	3625
400	4038
400	4079
400	4532
400	6329
401	546
401	865
401	1626
401	1675
401	4153
401	5207
402	1
402	103
402	803
402	2005
402	2205
402	3617
402	3775
402	4440
402	4519
402	4897
403	50
403	274
403	481
403	813
403	1707
403	2388
403	4052
404	464
405	151
405	1603
405	2514
405	3029
405	3401
406	146
406	796
406	853
406	2163
407	64
407	522
407	836
407	1801
407	2253
407	2348
407	2608
407	2653
407	3308
407	3326
407	3400
407	4815
407	5699
408	100
408	966
408	969
408	1394
408	1601
408	4200
409	3056
409	4412
410	114
410	1638
410	3976
410	5015
410	5125
411	2233
411	4856
412	1831
413	825
413	865
413	4801
414	10
414	77
414	302
414	1713
414	3330
414	4913
414	5350
415	1
415	405
415	5004
416	72
416	175
416	211
416	1841
416	1881
416	2502
416	3952
416	5228
417	528
417	728
417	1228
417	2226
418	402
418	878
418	4092
419	446
419	1613
419	3650
419	5062
420	441
420	1606
420	1610
420	2614
420	3552
420	4916
421	16
421	5491
422	400
422	619
422	2450
422	4828
422	4950
423	2355
424	950
424	1719
424	3209
425	14
425	63
425	625
425	665
425	1625
425	1760
425	2512
425	2663
425	2809
425	3602
426	2
426	1805
426	2403
426	3213
427	0
427	18
427	3704
427	4406
427	4511
427	5332
428	2
428	825
428	3207
428	3401
428	5700
428	6206
429	50
429	302
430	2620
432	482
432	2042
432	3219
433	217
433	985
433	1163
433	1898
436	234
436	4012
436	4304
437	1534
438	50
438	653
438	1388
438	1844
439	1416
439	1725
439	1801
439	1906
439	2000
439	2166
439	4497
439	5684
441	1706
441	2128
441	2651
442	553
442	4000
443	1251
444	5381
445	3987
446	3250
446	4121
446	5666
447	903
447	2090
449	4229
450	22
450	82
450	261
450	304
450	1210
450	1857
450	1925
450	2413
450	2859
450	3262
450	5000
450	6000
451	4
451	64
451	101
451	835
451	3331
452	586
452	1075
452	1801
452	3237
453	2581
453	3659
453	4001
454	2076
454	3463
455	4
455	1781
456	1207
457	54
457	210
457	1763
457	4929
458	457
459	835
460	1475
460	3326
462	1207
463	533
463	3215
463	4825
464	1645
464	2127
464	2677
464	3400
464	3651
464	5862
465	3200
468	21
468	1138
468	4215
468	4804
468	5832
469	3290
470	4318
471	2294
471	3355
471	3456
472	4901
473	4812
475	258
475	3401
475	5719
475	5878
476	3206
477	7
477	964
478	5600
479	239
479	5414
480	967
482	1903
483	4151
485	351
485	887
485	1201
486	136
487	2405
488	1303
488	3283
488	4805
488	5203
489	603
489	657
489	2014
489	5103
491	69
491	2606
494	1619
494	2622
498	2650
498	2738
499	1727
500	130
500	470
500	2453
500	2853
500	3350
500	3500
500	3807
500	3844
500	4513
501	80
501	114
501	1208
502	100
502	651
502	1000
502	1713
502	1988
502	3433
502	4000
503	2295
504	5203
505	377
505	559
505	3216
506	3203
506	3574
507	0
507	475
507	1500
507	1600
507	2152
507	2453
507	2787
507	3251
508	29
508	129
508	2013
508	3858
509	463
510	79
510	4006
513	842
513	1017
513	2207
513	4206
514	2050
514	3225
516	82
516	650
516	674
516	1405
516	5824
517	2027
518	1955
519	463
521	2
521	205
521	5507
522	775
523	2939
525	25
525	200
525	1580
525	2026
525	2380
525	3450
525	4850
525	6309
526	810
527	407
527	1050
527	1664
528	1706
529	25
532	901
532	4904
533	114
533	179
533	5100
538	1626
538	1705
539	422
539	2076
539	4304
541	2527
546	800
547	800
550	103
550	313
550	553
550	2672
550	2812
551	1664
551	4229
552	4373
553	747
554	3
554	2219
555	0
556	1969
557	251
557	451
557	2433
558	5314
559	2607
561	3201
562	2206
563	3258
567	108
567	801
569	93
569	2500
571	964
572	2629
575	1201
575	4977
576	1431
578	2456
579	838
580	5425
582	107
583	753
590	500
590	1371
591	1707
591	3217
592	705
592	1016
596	33
598	4900
600	8
600	125
600	163
600	625
600	3204
600	4057
601	5000
601	5207
602	93
602	100
602	807
602	3203
602	3576
602	5253
603	4
603	913
603	3625
603	4940
604	2525
604	3400
606	1400
607	1900
607	3219
607	3259
607	3480
607	3779
607	5601
608	917
609	1850
610	308
610	462
610	1381
610	5321
611	126
611	4001
613	875
613	1135
613	1975
613	4412
613	6031
614	77
614	1103
614	1413
616	29
616	800
616	1813
617	726
618	194
621	5606
624	705
625	4
625	666
625	1429
625	2420
625	3251
626	403
626	404
626	1863
627	1
627	10
627	600
627	864
627	3600
627	4840
628	426
628	451
628	807
628	927
629	5421
630	513
631	4102
632	1502
632	1608
632	1610
634	206
634	1707
635	1668
637	4977
638	2
638	19
638	1766
639	4179
639	4807
640	4050
641	1401
641	1513
645	910
650	53
650	1664
650	2890
652	1019
652	1617
652	2412
652	3469
653	200
653	2009
653	2263
653	3528
657	4534
660	600
660	3400
661	1
661	330
663	232
664	1238
664	4217
664	4807
666	1606
668	625
669	1870
673	3294
675	3305
676	1100
677	3271
677	5321
678	610
678	614
679	119
682	3230
683	4040
688	3744
688	5668
689	582
693	500
694	2275
694	3200
695	625
699	3254
700	1025
700	1683
700	3951
701	164
701	1602
701	4401
702	525
703	13
703	79
703	226
703	809
703	5100
704	2675
704	3801
705	1043
705	1673
705	2414
706	803
707	220
708	2231
710	54
710	227
713	902
714	29
716	500
717	3775
718	1406
719	4921
720	502
720	813
720	1602
721	2038
721	3312
725	526
725	965
725	2614
726	5065
727	55
728	5510
729	275
732	4001
738	1331
739	1913
739	2238
742	404
744	2000
750	3540
757	102
757	4512
761	2644
761	3203
764	260
767	4101
770	802
772	819
775	3605
775	4040
778	217
778	3325
783	2521
785	4358
788	3808
790	501
792	0
795	864
800	4
800	14
800	57
800	113
800	165
800	257
800	375
800	966
800	1822
800	1825
800	2203
800	2975
800	3251
801	13
801	79
801	614
801	800
801	3208
801	3220
801	4883
801	5237
802	1003
802	1600
802	2006
802	2206
802	3300
802	4848
802	4884
803	2
803	23
803	39
803	213
803	500
803	528
803	1200
803	1770
803	1788
803	2612
803	3250
804	0
804	50
804	101
804	417
804	1685
804	1706
804	4708
805	585
805	1153
805	1203
805	2901
805	3384
806	18
806	304
807	322
807	408
807	826
807	1015
807	1207
807	1635
807	1670
807	1679
807	2056
807	2404
807	2450
807	3239
807	3418
807	3775
807	4008
807	4801
807	5414
808	100
808	1746
808	1901
810	103
810	476
810	1941
810	3214
810	3250
810	3622
810	3903
810	5211
811	725
812	403
812	1452
813	52
813	1025
813	1221
813	3207
813	3252
814	127
814	1669
814	2407
814	4100
814	4825
815	163
815	3582
816	1213
817	82
817	3358
817	3606
818	1665
819	10
819	764
819	1802
819	2505
820	663
820	4500
820	4843
821	61
821	529
822	1666
823	3650
823	5003
824	4111
824	4209
825	591
825	1708
825	2025
825	3903
825	4500
826	15
826	115
826	815
826	4412
826	4915
826	5377
827	35
827	130
827	276
827	443
827	2031
827	5204
828	157
828	427
828	2626
828	3614
829	17
831	1603
832	410
832	485
832	602
832	1470
832	2673
832	3728
832	4122
833	2024
833	2236
833	3275
834	928
835	801
835	973
835	1773
835	4148
838	29
838	807
838	1975
838	3259
838	3444
839	216
839	1113
839	2028
839	3218
839	3651
840	5523
841	120
841	303
841	807
842	8
842	11
842	1085
842	3857
843	1428
844	200
844	1207
846	263
846	3933
847	110
847	958
850	276
850	3267
851	400
851	2088
851	3230
851	5039
852	205
852	302
852	1601
852	2401
852	3454
852	4301
853	30
853	1008
853	1240
853	1625
853	2076
853	2400
853	3256
853	3319
853	4006
854	9
854	207
854	4052
855	50
855	2402
856	133
856	4401
857	1
857	1016
857	1041
857	1265
857	1269
857	1603
857	2400
857	2475
857	3603
857	3642
857	4879
858	550
858	614
858	1656
859	5075
860	1106
860	2707
862	1294
863	65
863	1663
863	3928
863	5135
863	5612
864	400
864	3244
864	4437
866	444
867	807
867	1561
869	27
869	460
869	1710
869	1722
869	3229
870	2305
871	410
871	1050
871	3251
872	3612
873	3219
874	1120
875	5026
875	5403
876	108
877	2034
877	4015
878	1863
878	2005
878	5019
882	14
882	204
882	2263
883	57
883	1231
888	1000
889	172
889	864
892	1538
894	441
894	2938
896	513
897	814
900	216
900	325
900	1007
900	1630
900	2488
900	3675
900	4044
900	4851
900	4892
901	38
901	2401
901	3400
902	24
902	1200
902	1916
902	3412
902	4854
903	289
903	400
903	906
903	936
903	1092
903	3414
904	808
904	3408
906	294
906	325
906	700
906	5801
907	832
907	1903
907	2866
908	252
908	339
908	455
908	532
908	801
908	2168
910	219
910	432
910	3626
910	5601
911	5100
912	1100
913	2807
913	3415
913	4406
913	5744
914	3212
914	3344
915	25
916	4006
916	5443
917	623
917	826
917	1616
919	3238
922	25
922	788
923	3034
924	6287
925	2687
925	3257
926	310
926	871
926	1006
926	4075
927	38
927	1822
928	36
928	151
928	1213
928	1600
928	1725
928	1767
928	4456
929	1626
931	423
932	1306
935	132
935	1050
935	3226
935	3896
937	3804
938	1651
938	3827
939	922
939	3331
939	4129
939	4423
939	5226
941	2127
942	113
942	1178
942	1741
944	1107
944	4801
946	427
946	1648
947	800
950	1550
950	1703
950	1769
950	1825
950	1926
950	3222
951	2725
951	4278
951	5175
952	219
952	314
952	3676
953	2001
953	4158
953	5860
955	466
955	5101
956	73
956	1613
956	2284
956	2431
956	3284
956	4453
958	231
958	4015
960	1276
960	3583
961	208
961	3901
963	956
963	3658
964	10
966	5281
967	239
967	338
968	53
971	3403
972	7
975	695
975	1151
976	239
976	2698
978	2484
978	5601
981	29
981	1713
983	46
983	1300
983	1600
988	204
1000	25
1000	410
1000	596
1000	685
1000	900
1000	1603
1000	1691
1000	3487
1000	3532
1000	3804
1000	4039
1000	4828
1001	1
1001	301
1001	1188
1001	3426
1002	166
1002	407
1002	464
1002	618
1002	2402
1002	3251
1002	5675
1003	441
1003	777
1003	1892
1003	2813
1003	3207
1003	4429
1003	4857
1003	4987
1003	5407
1003	5651
1004	10
1004	55
1004	400
1004	1714
1005	482
1006	617
1006	6228
1007	3254
1007	3327
1008	3804
1009	19
1009	550
1009	4958
1010	4490
1010	5378
1011	3828
1013	164
1013	839
1013	1378
1014	420
1014	1164
1014	3237
1014	3266
1016	913
1016	2066
1017	153
1017	867
1017	3806
1019	303
1019	671
1019	1210
1019	2051
1020	1029
1021	1819
1021	2423
1021	2950
1021	4083
1021	4175
1022	4882
1025	732
1025	914
1025	1005
1025	1250
1025	2726
1026	605
1026	4033
1027	1608
1027	2612
1027	2662
1027	3287
1028	925
1028	1714
1031	16
1031	1204
1031	3581
1034	3801
1035	3514
1035	3644
1038	3478
1038	3733
1039	403
1039	825
1039	4981
1040	4850
1042	510
1044	413
1044	5246
1047	3700
1051	410
1051	828
1051	857
1051	4806
1053	697
1053	1631
1053	4431
1054	4012
1055	457
1056	70
1056	403
1057	3603
1057	3712
1060	4454
1060	4900
1064	1666
1065	1026
1067	1007
1069	717
1069	1613
1069	2441
1071	1670
1077	70
1078	4
1078	696
1078	6002
1081	41
1081	414
1085	939
1088	4830
1089	3212
1094	810
1099	1612
1100	352
1100	463
1100	925
1100	1748
1100	3219
1100	5033
1101	244
1101	1723
1102	49
1103	1753
1103	3590
1105	51
1108	2541
1109	1025
1110	739
1110	3900
1112	3501
1113	435
1113	875
1113	4716
1114	1756
1114	5125
1114	5876
1119	1800
1119	3576
1119	4336
1120	1110
1125	13
1125	2510
1126	3556
1127	32
1128	3226
1128	3401
1133	3622
1134	4048
1136	4825
1138	4414
1139	45
1142	350
1144	1600
1146	6014
1150	1360
1151	550
1152	63
1153	449
1153	2100
1154	3700
1155	3729
1157	10
1157	1613
1160	3209
1163	5
1163	3704
1167	3589
1168	128
1173	1317
1176	4001
1179	3214
1181	650
1183	10
1185	3466
1197	2250
1200	107
1200	1105
1200	1213
1200	1601
1200	1641
1200	1705
1200	2366
1200	3919
1200	4853
1201	200
1201	874
1201	5874
1202	333
1202	455
1202	3201
1202	4116
1202	4345
1202	5169
1202	5350
1203	61
1203	879
1203	1775
1203	3719
1205	344
1205	482
1205	1906
1205	2014
1206	2
1206	301
1206	1607
1206	1613
1207	16
1207	4414
1207	5100
1208	1603
1208	1750
1208	2425
1209	500
1209	1231
1210	800
1210	4208
1211	4806
1213	0
1213	7
1213	621
1213	931
1213	3437
1213	4027
1213	4825
1213	4869
1214	124
1214	3872
1214	4032
1216	825
1216	1250
1216	1878
1216	2075
1217	24
1219	15
1219	41
1219	257
1219	951
1219	1616
1220	729
1220	3690
1221	4650
1223	2881
1223	3012
1223	4712
1224	1732
1225	458
1225	1605
1225	2871
1225	3251
1226	913
1226	1206
1227	400
1227	3600
1228	2032
1228	3325
1229	32
1229	901
1229	1900
1231	1909
1231	3023
1235	2620
1238	208
1238	404
1239	3231
1239	3606
1240	4965
1241	1356
1241	4039
1245	54
1246	0
1246	50
1250	325
1250	464
1250	1225
1250	4613
1250	6103
1251	116
1251	750
1251	2481
1251	3500
1251	3709
1251	4827
1251	5200
1252	3705
1253	201
1253	214
1253	623
1253	1625
1254	194
1256	2669
1256	2832
1256	3314
1259	1700
1260	3232
1260	4056
1263	801
1263	4154
1263	5615
1264	3360
1265	3837
1267	136
1275	428
1276	1769
1278	4216
1279	2451
1279	5021
1281	813
1282	3058
1288	1104
1288	1416
1289	2
1291	900
1292	1100
1294	1658
1300	202
1300	403
1300	1625
1300	2494
1300	4079
1300	5607
1300	6109
1302	4064
1303	0
1303	466
1303	1205
1303	3900
1304	2163
1305	3203
1306	352
1306	505
1306	702
1306	1138
1306	2216
1306	3901
1308	314
1311	61
1311	638
1313	407
1313	601
1313	687
1314	402
1314	2238
1315	571
1316	667
1317	4913
1317	5974
1319	227
1319	2441
1321	3336
1322	3576
1325	2202
1327	3426
1329	5
1331	3266
1332	14
1335	5656
1339	338
1340	3220
1342	3345
1343	1151
1348	489
1352	259
1352	1903
1353	519
1353	1906
1353	4101
1356	227
1358	125
1360	107
1360	804
1365	13
1366	2502
1372	400
1372	632
1376	5050
1378	4875
1380	4009
1381	2125
1381	3200
1381	3226
1386	2602
1390	2433
1395	4300
1399	4281
1400	950
1400	4213
1400	4856
1400	4950
1400	5612
1401	19
1401	261
1401	403
1401	1339
1402	4008
1402	4411
1402	4596
1403	203
1403	3307
1404	4212
1404	4807
1404	6112
1405	975
1405	3263
1405	5125
1406	116
1406	507
1406	614
1406	930
1406	1253
1409	3537
1409	3622
1410	5221
1411	4652
1411	6258
1412	807
1412	1933
1412	4489
1413	21
1413	29
1413	128
1413	805
1413	1907
1413	2208
1413	3102
1413	3301
1413	3663
1414	3304
1416	4204
1416	4487
1417	3458
1418	903
1419	1400
1424	3550
1425	2400
1426	1031
1430	1858
1434	1063
1435	4200
1439	1700
1440	559
1443	4235
1444	3214
1450	775
1450	810
1450	1106
1450	1677
1451	2975
1453	323
1453	663
1453	726
1453	1825
1453	2800
1453	4019
1454	5506
1455	1486
1455	5368
1456	207
1460	428
1463	1991
1463	4475
1463	5204
1470	827
1472	1313
1474	159
1477	1454
1477	3600
1478	2
1480	876
1485	128
1485	2401
1489	3303
1493	3700
1497	3048
1500	908
1500	1941
1501	456
1501	1616
1502	900
1503	980
1504	403
1504	1612
1506	5452
1507	14
1510	2438
1512	225
1513	810
1516	1707
1517	416
1519	307
1519	3252
1519	4025
1524	3577
1525	366
1527	419
1529	376
1533	5853
1534	594
1536	844
1551	3417
1560	1729
1561	326
1567	800
1569	222
1576	902
1580	264
1581	2420
1583	3431
1588	403
1592	1848
1600	0
1600	228
1600	306
1600	325
1600	450
1600	1007
1600	1053
1600	1614
1600	1653
1600	1830
1600	3307
1600	3478
1600	3615
1600	3804
1600	3951
1600	4001
1600	4009
1600	5642
1600	5715
1601	66
1601	344
1601	433
1601	513
1601	666
1601	964
1601	2192
1601	3411
1601	3903
1602	14
1602	35
1602	47
1602	200
1602	450
1602	832
1602	858
1602	876
1602	954
1602	1250
1602	1313
1602	1827
1602	1856
1602	2019
1602	3209
1602	3804
1602	4402
1602	4500
1602	5429
1603	703
1603	812
1603	2673
1603	4065
1604	15
1604	1609
1604	1641
1604	2619
1604	3551
1604	3619
1604	4414
1604	5101
1605	1667
1606	13
1606	177
1606	291
1606	1617
1606	2006
1606	2430
1606	3614
1606	3833
1606	5581
1607	463
1607	2402
1607	3225
1607	5631
1608	671
1608	803
1608	1815
1608	3232
1608	3325
1608	5321
1609	2171
1610	550
1610	1725
1610	1726
1610	2003
1610	2473
1610	3800
1610	5103
1611	18
1611	3525
1611	4312
1611	4927
1612	603
1613	182
1613	1024
1613	1259
1613	3262
1613	3394
1613	3724
1614	948
1614	1655
1614	1694
1614	3656
1614	4650
1615	1213
1616	141
1616	1602
1616	3406
1616	4025
1617	673
1617	4404
1618	1556
1619	86
1619	354
1619	416
1619	1600
1619	2219
1619	5008
1620	7
1620	125
1621	841
1621	1913
1621	5385
1622	151
1622	1576
1622	1711
1622	3016
1624	3409
1624	4603
1625	150
1625	1203
1625	1617
1625	1795
1625	2006
1625	2095
1625	2402
1625	2502
1625	3250
1625	4012
1625	4256
1626	4
1626	44
1626	244
1626	957
1626	1617
1626	2400
1627	53
1627	101
1627	461
1627	702
1627	825
1627	1114
1627	1401
1627	1706
1627	2278
1627	2531
1627	4507
1627	4561
1628	2191
1628	3350
1628	5718
1629	3328
1629	3778
1629	5634
1630	1141
1630	3619
1631	447
1631	617
1633	2309
1634	5211
1635	25
1636	2441
1636	5026
1638	61
1638	127
1638	250
1638	807
1638	913
1638	1430
1638	2181
1638	2901
1638	3201
1638	4442
1639	450
1639	2214
1640	2413
1641	0
1641	200
1641	800
1641	2327
1641	3076
1642	33
1644	1653
1644	1706
1644	3233
1644	5652
1645	130
1645	1625
1647	375
1650	114
1650	1813
1650	3203
1650	3354
1650	3400
1650	3609
1650	4000
1650	5211
1651	518
1651	2304
1651	5207
1652	143
1652	1101
1652	1250
1652	2719
1652	3039
1652	3216
1652	3803
1652	4913
1653	1188
1653	5450
1655	739
1655	1602
1655	2927
1656	91
1656	864
1656	1617
1656	1960
1656	4425
1657	4157
1657	4850
1658	1818
1658	2153
1658	3800
1660	231
1660	5758
1661	214
1661	1206
1663	300
1663	858
1663	2402
1663	4033
1663	4815
1664	994
1664	2044
1664	4201
1665	3313
1666	68
1666	205
1666	2626
1666	3201
1667	1816
1667	5703
1668	464
1671	25
1672	463
1672	4242
1673	1613
1675	14
1676	0
1676	11
1676	517
1676	1300
1676	5082
1677	282
1677	2270
1678	1875
1678	3458
1678	3625
1680	1877
1681	332
1681	4909
1682	4238
1682	4603
1685	1601
1688	315
1688	428
1688	1103
1688	3423
1688	4662
1689	14
1689	822
1691	4106
1697	5350
1700	1
1700	11
1700	57
1700	79
1700	427
1700	542
1700	826
1700	1827
1700	2326
1700	2608
1700	3433
1700	4153
1700	4408
1700	4800
1700	5051
1701	8
1701	16
1701	1512
1701	2413
1701	3075
1702	7
1702	300
1702	866
1702	1001
1702	1057
1702	1700
1702	2809
1702	3208
1702	3444
1702	4064
1702	4218
1702	5653
1703	5342
1704	619
1704	2403
1704	6003
1705	168
1705	1100
1706	402
1706	557
1706	1613
1706	1728
1706	3270
1706	3535
1707	601
1707	2105
1708	499
1708	2501
1709	805
1709	1581
1709	3340
1712	1335
1712	3250
1713	33
1713	272
1713	1627
1713	3217
1713	4039
1715	3251
1716	53
1716	710
1717	382
1717	1375
1717	4114
1720	128
1720	1725
1720	3601
1720	5306
1723	1944
1724	128
1724	5204
1725	1664
1725	3357
1725	3701
1725	5209
1725	5667
1725	6006
1726	5368
1727	50
1727	533
1727	2475
1727	4481
1727	4843
1727	4890
1728	3390
1728	4037
1728	5012
1731	201
1731	237
1731	250
1731	2678
1732	1250
1732	1356
1734	1248
1738	3226
1738	4426
1739	1350
1739	2152
1739	3820
1740	416
1741	103
1741	457
1744	3205
1745	107
1747	1427
1747	1845
1750	41
1750	502
1750	3401
1752	1479
1752	3216
1753	193
1753	851
1753	3625
1755	117
1756	152
1756	3746
1758	513
1758	575
1759	494
1759	4815
1760	5014
1763	420
1764	300
1766	2
1766	200
1766	413
1767	437
1770	804
1776	216
1777	30
1777	5899
1778	460
1778	676
1782	1226
1782	1631
1783	0
1783	666
1788	82
1788	4400
1789	300
1789	2498
1795	3201
1795	5807
1800	202
1800	725
1800	956
1800	1006
1800	3206
1800	4825
1800	4901
1801	403
1801	432
1801	928
1801	3526
1801	4017
1802	1813
1802	2459
1802	3237
1802	3607
1802	4123
1802	5407
1803	984
1803	5105
1804	2269
1804	2552
1804	3219
1805	328
1805	603
1805	4930
1806	867
1806	3226
1809	207
1809	247
1809	420
1809	860
1809	1616
1809	3615
1809	4000
1809	4756
1809	5601
1813	2677
1813	3761
1814	463
1814	2200
1814	2802
1814	4400
1815	8
1815	1351
1815	1644
1815	3332
1816	922
1816	3269
1817	507
1819	800
1819	1610
1819	1763
1820	2250
1820	3554
1820	3665
1822	203
1822	3627
1823	1201
1823	3353
1824	3335
1825	260
1825	420
1825	422
1825	610
1825	2200
1825	3226
1825	4111
1826	1052
1827	463
1827	513
1827	657
1827	1645
1828	1417
1828	1608
1828	4830
1829	2066
1830	2416
1831	1825
1831	3712
1831	4113
1831	4937
1832	2119
1834	2934
1835	1121
1841	2477
1845	177
1845	225
1847	1625
1848	4330
1850	1
1850	113
1850	810
1850	4031
1851	2061
1851	3632
1851	4317
1852	2101
1852	2136
1852	4909
1852	5401
1853	261
1855	489
1855	1653
1855	3200
1856	2251
1856	3319
1856	3406
1856	5724
1859	404
1859	2829
1862	0
1863	2800
1863	3226
1863	3267
1863	3369
1864	78
1866	480
1866	1125
1866	2209
1867	1201
1867	3201
1869	3257
1870	244
1870	4900
1874	1953
1875	2912
1876	2859
1877	3901
1878	603
1881	1256
1882	475
1882	4850
1883	1709
1884	2800
1884	5621
1888	322
1888	513
1889	3208
1889	4014
1890	457
1898	3226
1900	250
1901	32
1901	250
1902	150
1902	283
1902	4900
1902	5709
1903	1152
1903	5095
1904	105
1905	2414
1906	50
1906	3312
1907	1445
1909	202
1909	282
1911	1052
1911	1823
1911	4126
1913	29
1914	2163
1915	3322
1915	3326
1916	2234
1916	3028
1918	410
1920	203
1920	501
1925	5412
1926	625
1926	1556
1926	2907
1928	794
1928	4386
1931	1853
1935	1631
1939	32
1941	3350
1942	803
1944	2202
1947	3607
1950	0
1950	1213
1950	2816
1950	3234
1950	3466
1951	175
1953	4
1953	5286
1956	751
1956	1250
1956	3423
1957	3825
1958	8
1959	950
1963	4807
1966	2275
1967	5664
1969	1263
1970	1703
1970	2503
1977	460
1978	601
1978	4051
1980	913
1988	1263
1992	3316
1994	2000
1995	1
1995	3401
2000	0
2000	412
2000	655
2000	927
2000	964
2000	1817
2000	2552
2000	4002
2000	4145
2000	4220
2000	5789
2001	203
2001	1001
2001	1081
2001	4875
2001	5200
2001	5650
2002	925
2002	1727
2002	1748
2002	1763
2003	813
2003	875
2003	1538
2003	1603
2003	3201
2003	4008
2003	4852
2004	138
2004	538
2005	1459
2005	2122
2005	2608
2005	3076
2005	4194
2006	1210
2006	2833
2006	3551
2007	214
2008	1208
2009	206
2009	555
2009	1031
2009	3701
2010	50
2011	82
2013	1420
2013	1742
2013	2234
2013	5000
2013	5075
2014	1200
2014	1235
2015	480
2015	732
2016	3259
2016	5019
2017	817
2018	933
2019	76
2019	939
2020	969
2020	4824
2024	1204
2024	1714
2024	1800
2025	512
2025	1238
2025	1975
2026	13
2026	921
2026	1014
2026	1600
2027	68
2027	164
2027	1906
2027	2427
2027	4903
2028	613
2028	2809
2030	666
2030	846
2031	243
2032	3040
2033	306
2033	802
2033	1271
2034	600
2040	472
2041	1576
2047	769
2048	5633
2050	32
2050	1626
2051	425
2051	1203
2052	316
2052	1217
2052	2703
2052	3228
2052	3675
2052	3925
2052	4084
2053	410
2053	5656
2054	4001
2055	3504
2056	225
2056	305
2056	3359
2056	3701
2057	2038
2057	4208
2058	213
2058	4026
2058	4911
2060	5085
2061	2005
2063	105
2063	307
2063	3400
2065	1486
2066	956
2067	2519
2069	906
2069	5709
2070	439
2070	3428
2071	152
2075	910
2075	3401
2077	3240
2077	4878
2077	4950
2078	105
2079	3218
2080	1641
2084	2452
2085	150
2088	4019
2090	310
2091	33
2097	200
2100	250
2100	3201
2100	4733
2100	4856
2100	5262
2100	6126
2101	401
2101	3200
2101	3350
2101	3826
2102	26
2102	2464
2102	3250
2102	3987
2102	4829
2102	6020
2103	210
2104	439
2106	200
2106	3601
2106	3822
2107	532
2107	3228
2110	1453
2113	150
2113	852
2113	3412
2114	1206
2114	4237
2115	4844
2117	525
2118	1604
2120	5078
2121	207
2123	274
2123	4800
2125	9
2126	5002
2129	4
2130	1315
2132	4017
2135	3356
2138	2425
2138	5941
2144	1901
2145	13
2145	4625
2147	0
2150	126
2150	527
2150	2455
2152	529
2154	34
2156	1663
2157	900
2158	1027
2164	107
2164	226
2165	711
2170	2428
2175	132
2175	407
2176	678
2178	3862
2181	964
2188	39
2188	3314
2198	4675
2200	1350
2200	1825
2200	2134
2200	5250
2201	878
2201	2202
2202	2200
2202	2381
2202	2409
2203	54
2204	5913
2205	1452
2205	2620
2205	4179
2206	154
2206	1626
2206	4465
2208	90
2208	688
2209	3226
2209	3309
2209	4703
2212	39
2213	432
2213	733
2213	1374
2214	1003
2216	5301
2217	219
2219	6032
2220	2926
2222	2106
2224	38
2224	2556
2225	425
2225	863
2226	4819
2228	152
2228	370
2231	119
2233	4052
2234	1050
2236	5650
2237	5139
2238	10
2238	808
2240	1219
2241	2612
2245	52
2245	6001
2248	110
2248	3806
2250	824
2250	1610
2250	3282
2251	1617
2252	4828
2253	3719
2254	508
2254	5359
2256	2006
2256	4015
2256	4076
2263	103
2264	810
2265	2597
2266	3212
2267	3743
2269	1250
2270	2927
2275	30
2275	1651
2281	5215
2284	2897
2288	70
2292	3294
2300	864
2300	1053
2303	28
2303	5803
2304	2131
2304	2425
2306	4844
2307	2063
2309	4103
2316	2401
2337	810
2339	7
2345	29
2350	207
2350	3202
2350	3208
2350	3875
2350	4031
2352	853
2352	1801
2355	2227
2361	239
2363	3661
2369	4829
2370	3495
2376	5914
2391	111
2400	133
2400	2520
2400	2811
2400	3266
2400	3482
2401	478
2401	2106
2401	3212
2401	4027
2401	4094
2401	4914
2401	5874
2402	425
2402	639
2402	703
2402	1600
2402	1617
2402	2820
2402	3269
2402	3275
2402	3415
2402	5428
2402	5749
2403	407
2403	1455
2403	3201
2403	5376
2404	3265
2404	3740
2405	226
2405	1635
2405	3715
2406	1
2406	201
2406	873
2406	1032
2406	1224
2406	1349
2406	3308
2406	3600
2408	1716
2409	1617
2409	1997
2409	5733
2410	13
2410	1208
2413	38
2413	100
2413	1323
2413	3708
2414	2562
2415	239
2416	22
2416	3228
2416	4002
2416	4306
2416	4625
2416	5613
2417	2463
2417	2955
2419	876
2420	615
2420	1303
2422	3561
2425	70
2425	632
2425	1827
2425	4525
2425	4539
2426	2021
2427	32
2427	3241
2427	3476
2428	2278
2430	394
2431	24
2431	807
2431	1800
2432	3222
2433	140
2433	885
2434	4441
2437	1898
2438	1463
2438	3956
2438	4045
2438	5801
2439	2013
2441	1953
2442	4156
2445	0
2447	1250
2450	114
2450	2484
2450	2504
2450	3312
2451	29
2451	132
2451	3344
2452	96
2452	3419
2452	4375
2453	0
2453	403
2453	3211
2455	5366
2457	303
2458	1716
2459	0
2459	1206
2462	2414
2463	63
2463	800
2463	1806
2463	2905
2466	123
2466	3600
2468	101
2469	2550
2470	203
2471	853
2475	1225
2475	1809
2476	264
2476	532
2477	525
2477	1529
2477	2014
2477	3613
2478	201
2480	1813
2481	846
2482	557
2483	3534
2484	2439
2484	4879
2488	5169
2490	3950
2500	935
2500	3258
2501	1400
2502	3332
2503	2
2503	9
2503	1718
2503	1759
2504	3312
2505	203
2505	2275
2505	2400
2507	902
2508	1617
2509	2083
2510	1475
2512	3211
2512	3219
2514	717
2514	3831
2516	421
2516	4253
2519	2803
2525	1767
2525	1854
2526	1216
2527	600
2527	3771
2527	4912
2529	2533
2529	3947
2530	767
2530	2505
2531	5356
2535	3619
2536	1233
2536	3302
2538	5733
2542	4004
2544	3706
2545	3201
2548	3626
2550	1691
2552	4370
2554	407
2554	1639
2554	1702
2554	3645
2556	2154
2557	1700
2559	1604
2562	401
2562	2036
2566	514
2569	408
2576	328
2577	3140
2578	4075
2587	1931
2591	102
2591	853
2595	1602
2598	200
2600	102
2600	289
2600	851
2600	1090
2600	2409
2600	2621
2600	2919
2600	3644
2600	4801
2600	4848
2601	164
2602	805
2602	916
2602	1638
2603	4168
2603	4590
2605	224
2605	622
2606	3704
2609	11
2609	62
2611	84
2611	1306
2612	620
2612	2271
2612	2559
2612	3001
2612	3307
2612	4504
2614	3987
2615	33
2616	201
2616	4229
2617	1607
2620	320
2622	1709
2622	2402
2622	3266
2625	221
2625	528
2625	803
2625	1294
2625	1959
2625	3394
2625	5706
2627	114
2627	1757
2628	863
2628	3201
2631	4914
2638	903
2639	3843
2639	4800
2647	1564
2650	407
2650	5345
2650	5907
2651	1850
2651	2232
2652	77
2652	4289
2653	2
2653	4455
2654	600
2654	2364
2656	808
2656	1719
2658	5125
2659	3604
2659	5208
2662	906
2662	2600
2662	4802
2664	3274
2666	1157
2666	1702
2669	476
2669	1660
2672	2063
2675	635
2676	106
2677	131
2677	1703
2687	14
2687	5100
2691	3437
2693	1616
2700	3431
2700	5562
2704	900
2706	1675
2706	5639
2707	17
2712	45
2712	64
2712	900
2714	858
2716	5600
2721	605
2725	283
2725	2806
2725	3640
2725	5007
2728	2453
2729	100
2730	510
2737	328
2739	1663
2739	1665
2741	3056
2752	2303
2755	1815
2756	1974
2780	5243
2782	1906
2800	738
2800	4814
2801	21
2801	188
2801	264
2801	818
2801	2600
2801	3238
2802	7
2802	1006
2802	1618
2802	2153
2802	3251
2802	3651
2803	7
2803	329
2803	2000
2804	807
2805	483
2805	3440
2805	4801
2806	1
2806	214
2806	4040
2808	1004
2808	3200
2809	4226
2811	5
2812	3370
2814	1409
2814	2225
2816	1327
2816	1604
2816	3212
2818	19
2821	207
2821	1819
2823	1720
2825	2006
2825	3057
2825	5221
2826	2350
2826	4031
2828	3419
2831	4433
2837	178
2838	325
2841	126
2841	2501
2844	1240
2846	275
2851	4451
2852	36
2852	130
2852	2088
2852	3271
2853	3480
2853	4835
2854	413
2855	3262
2856	130
2859	3651
2862	876
2866	1054
2867	6203
2875	925
2875	3371
2877	177
2878	1391
2884	3695
2888	1451
2889	156
2900	2801
2901	5709
2902	4233
2903	100
2904	4206
2906	128
2907	2075
2909	455
2910	4104
2911	101
2911	603
2916	236
2917	3
2917	5502
2919	4
2926	316
2928	997
2932	53
2935	413
2936	5275
2944	803
2944	3900
2946	3490
2950	3208
2954	1305
2959	1091
2963	1203
2963	1639
2965	236
2966	3607
2980	3266
2981	2664
2989	2095
2990	2114
2993	1175
3000	59
3000	1875
3001	4401
3001	4422
3002	894
3002	2734
3003	1607
3006	155
3006	425
3006	2881
3012	1727
3013	5450
3022	3238
3025	3608
3032	223
3032	2858
3042	1716
3047	2416
3050	1300
3050	6254
3051	2958
3056	50
3057	3650
3076	463
3076	4806
3079	207
3084	4059
3106	3
3111	5003
3125	1176
3134	1818
3151	457
3162	5275
3175	286
3187	5200
3200	0
3200	26
3200	128
3200	432
3200	614
3200	725
3200	853
3200	856
3200	1025
3200	1200
3200	1302
3200	2428
3200	3205
3200	4113
3200	5353
3201	15
3201	61
3201	106
3201	132
3201	400
3201	810
3201	903
3201	1600
3201	1765
3201	1844
3201	2007
3201	2050
3201	3206
3201	3214
3201	3216
3201	3525
3201	3901
3201	4026
3201	4301
3201	4925
3201	5608
3201	5616
3201	5999
3202	750
3202	3312
3202	5079
3202	6217
3203	7
3203	13
3203	25
3203	50
3203	1403
3203	2420
3203	3255
3203	3691
3203	4158
3203	5650
3204	401
3204	1642
3204	2038
3204	3759
3204	4839
3205	158
3205	269
3205	801
3205	1700
3205	5431
3205	5632
3206	8
3206	276
3206	335
3206	515
3206	938
3206	1703
3206	2000
3206	3339
3206	3820
3206	4087
3206	4400
3206	4426
3206	5295
3207	50
3207	650
3207	802
3207	3344
3207	4243
3208	128
3208	182
3208	187
3209	1403
3210	435
3210	502
3210	633
3210	1455
3210	5229
3211	2401
3212	114
3212	451
3212	552
3212	976
3212	1721
3212	2503
3212	2537
3212	3254
3212	3541
3212	6124
3213	50
3213	913
3213	1010
3213	1703
3213	2676
3213	3622
3214	1627
3214	1806
3214	2857
3215	64
3215	878
3215	906
3215	2004
3215	2689
3216	169
3216	251
3217	3203
3218	0
3218	39
3218	136
3219	95
3219	224
3219	653
3219	705
3219	2939
3219	4812
3220	194
3220	5251
3222	758
3222	1479
3222	3405
3223	462
3223	1709
3223	3469
3224	327
3225	207
3225	666
3225	691
3225	3256
3225	4204
3225	4872
3226	1
3226	11
3226	14
3226	32
3226	79
3226	924
3226	1550
3226	1883
3226	3459
3226	6065
3227	1
3227	3241
3228	1577
3228	3412
3229	3
3229	214
3230	7
3230	555
3230	953
3230	1681
3230	3368
3230	4627
3231	203
3231	800
3233	2
3233	963
3233	1601
3233	4019
3233	4207
3233	5656
3234	65
3237	185
3237	415
3237	1200
3237	4891
3237	5642
3239	1979
3239	2027
3240	67
3240	113
3240	3304
3240	4106
3241	128
3241	200
3241	303
3241	663
3241	2880
3241	3350
3241	3625
3242	6029
3243	1600
3244	3311
3244	3854
3245	1652
3245	3000
3245	4142
3247	3400
3250	134
3250	260
3250	600
3250	1902
3250	2662
3251	1281
3251	1525
3251	3244
3251	3800
3251	3844
3251	4647
3251	4834
3251	5008
3251	5601
3252	1612
3253	57
3253	252
3253	807
3253	2702
3253	3969
3253	4178
3254	119
3254	3244
3254	3363
3255	1479
3255	1600
3255	3228
3255	3719
3256	4
3256	16
3256	376
3256	1375
3256	1600
3256	1931
3256	3225
3258	309
3258	4519
3259	4225
3259	5200
3259	6250
3260	252
3261	2223
3262	1217
3262	1725
3262	4226
3263	326
3263	3800
3264	2424
3265	5
3267	1850
3269	4
3269	925
3269	1614
3269	3430
3270	2
3270	1006
3272	3284
3272	4968
3273	215
3276	0
3276	3845
3276	5602
3278	1652
3278	3200
3279	5104
3279	5751
3281	1406
3281	3412
3282	2890
3283	2066
3283	4736
3284	213
3284	5531
3286	667
3287	89
3287	404
3287	1863
3287	3385
3289	3778
3291	3639
3292	213
3294	1003
3295	1203
3298	701
3298	3801
3300	155
3300	306
3300	551
3300	804
3300	1063
3300	1354
3300	1727
3300	2002
3300	2403
3300	2413
3300	2600
3300	3440
3300	5687
3300	5826
3301	25
3301	57
3301	127
3301	614
3301	913
3301	1600
3301	1613
3301	1758
3301	2184
3301	4325
3301	5004
3301	5121
3301	5600
3303	202
3303	904
3303	3237
3303	6212
3304	5603
3305	132
3305	3228
3306	1603
3306	2120
3306	3212
3306	3214
3307	1652
3307	1772
3307	4051
3308	90
3308	5701
3310	521
3311	178
3311	2678
3312	7
3312	480
3312	676
3312	1938
3312	2207
3313	2152
3313	3218
3314	127
3314	4104
3314	4256
3315	443
3315	3304
3316	61
3318	5212
3319	2450
3320	3917
3323	5643
3325	21
3325	57
3325	1381
3325	2291
3325	3206
3328	372
3328	2650
3328	3312
3328	6000
3330	4960
3331	113
3332	1663
3332	2266
3333	1682
3333	3228
3333	3301
3334	3069
3336	57
3337	938
3337	1480
3337	2020
3337	3250
3337	4201
3338	150
3339	2625
3340	7
3340	5012
3340	6041
3344	1007
3344	1231
3344	1416
3345	281
3345	5007
3346	4975
3347	1844
3347	3351
3350	94
3350	104
3350	408
3350	506
3350	2451
3350	5924
3351	68
3351	76
3351	3437
3351	6133
3352	6293
3353	507
3353	1647
3353	1827
3354	66
3354	1707
3354	4415
3356	214
3357	477
3358	2059
3360	132
3360	355
3360	3376
3362	532
3362	1854
3364	739
3365	3853
3366	2913
3367	3800
3371	20
3373	539
3373	3975
3375	501
3375	562
3375	1813
3376	3041
3377	0
3378	1656
3378	1676
3379	14
3379	3211
3380	1310
3381	628
3383	300
3384	2461
3385	1006
3387	76
3394	3579
3398	4825
3400	151
3400	1060
3400	1102
3400	1601
3400	1700
3400	2425
3400	2625
3400	2708
3400	3953
3400	4804
3400	4977
3401	2275
3401	3203
3401	5009
3401	5818
3401	6015
3402	866
3402	3201
3403	2008
3403	3230
3404	663
3405	102
3405	900
3405	2417
3405	5909
3406	437
3406	1253
3406	1675
3406	3415
3406	4707
3407	889
3408	714
3408	5050
3409	279
3410	117
3411	2400
3412	2400
3413	814
3413	914
3414	246
3415	100
3415	401
3415	2245
3415	3775
3416	303
3416	813
3417	4800
3418	413
3418	6199
3419	21
3419	850
3419	1610
3420	0
3421	4406
3422	2251
3424	2416
3425	38
3425	73
3425	605
3425	1302
3425	1423
3425	3222
3425	4264
3426	202
3426	3625
3426	5132
3427	4214
3428	724
3428	1567
3428	2450
3431	1759
3432	10
3432	5311
3434	29
3434	3411
3435	1330
3436	2737
3437	39
3437	4213
3437	5013
3438	5431
3439	1713
3444	1432
3444	2660
3445	1279
3450	235
3450	401
3450	2872
3451	403
3451	1464
3451	1802
3451	2619
3451	5676
3452	558
3452	755
3452	1709
3452	2013
3453	128
3454	657
3454	1213
3455	50
3458	200
3459	201
3459	2475
3459	4803
3459	5615
3461	2644
3462	3292
3463	1225
3463	1712
3465	83
3465	2001
3465	2750
3465	4902
3468	118
3469	11
3470	142
3470	6106
3472	139
3472	3665
3475	124
3476	293
3478	29
3478	5010
3481	232
3481	424
3487	5014
3495	176
3500	1009
3500	1264
3500	1820
3500	2220
3500	3665
3501	14
3503	3226
3503	3306
3505	3432
3506	208
3506	1877
3506	5817
3507	211
3508	565
3508	3233
3508	4081
3509	836
3509	3400
3509	4842
3512	200
3512	309
3512	1412
3513	902
3513	2009
3514	11
3514	3254
3515	125
3515	5724
3516	4028
3519	2309
3519	4862
3522	1200
3522	2425
3522	2804
3525	1906
3526	1767
3528	4028
3530	4595
3531	460
3533	4033
3534	3241
3535	4348
3537	35
3539	3401
3540	3308
3540	4113
3544	1988
3545	1063
3550	882
3550	1205
3550	5229
3551	1611
3551	4937
3553	5241
3555	807
3555	1628
3555	5803
3556	3216
3556	3610
3562	3306
3562	4901
3562	5900
3563	1178
3565	0
3566	4062
3567	3837
3575	757
3579	1075
3580	2802
3581	3380
3581	5613
3585	2418
3600	453
3600	505
3600	1238
3600	2011
3600	2341
3600	3531
3601	55
3601	138
3601	560
3601	601
3601	3550
3601	3775
3601	4401
3602	214
3602	5203
3603	2602
3605	252
3605	882
3605	966
3605	2120
3605	2433
3606	257
3606	573
3606	603
3606	1856
3607	0
3607	7
3607	3402
3608	1613
3608	4058
3609	4543
3610	250
3610	6301
3611	350
3611	457
3612	96
3612	988
3612	1319
3612	1516
3614	14
3614	219
3615	36
3615	4138
3616	2625
3617	1638
3619	253
3625	878
3625	3308
3625	5506
3626	2158
3626	3300
3627	20
3628	450
3628	2020
3629	5137
3630	4001
3631	5038
3632	814
3633	207
3634	1635
3634	4101
3634	5213
3636	1301
3637	502
3639	921
3640	1103
3641	519
3641	4137
3647	2378
3647	3225
3648	418
3650	213
3650	807
3650	3300
3650	3303
3650	5225
3651	107
3651	801
3651	807
3651	810
3651	1244
3651	3225
3652	3200
3653	38
3653	1707
3653	1882
3654	4901
3655	3315
3655	4801
3656	1602
3658	64
3659	1667
3661	2719
3662	1732
3663	894
3663	1138
3663	1613
3665	1856
3665	2016
3669	4006
3673	207
3675	4019
3676	108
3676	812
3678	0
3678	162
3678	1602
3683	3500
3684	4052
3694	2027
3694	4750
3700	391
3700	1633
3700	2027
3701	90
3701	2206
3701	3404
3702	105
3702	3505
3703	220
3703	4040
3704	4042
3705	3405
3706	2514
3706	6218
3707	661
3708	5212
3709	0
3709	117
3709	802
3712	477
3712	3251
3712	4625
3715	60
3715	415
3715	1803
3715	3201
3718	3409
3719	253
3719	1413
3719	1613
3720	1009
3724	207
3725	1453
3729	51
3729	2364
3729	3962
3730	253
3732	407
3734	176
3734	847
3737	207
3737	1185
3737	1627
3738	3266
3739	150
3740	101
3740	2726
3751	573
3751	817
3751	1602
3753	1859
3753	5157
3754	15
3754	854
3754	1740
3756	3631
3756	5937
3757	1605
3760	25
3762	130
3762	3251
3769	1744
3771	5621
3775	317
3775	1003
3776	4503
3777	3526
3779	1601
3781	5128
3782	1669
3785	2203
3788	1156
3788	1603
3800	232
3800	935
3800	1720
3800	2520
3800	4076
3801	2
3801	689
3801	1006
3801	1763
3801	3312
3801	4140
3803	3451
3804	4001
3804	6006
3806	4028
3807	64
3808	514
3808	3201
3812	42
3812	452
3814	1738
3819	5153
3820	507
3820	4615
3822	261
3825	203
3825	2862
3826	297
3828	3406
3829	829
3831	822
3833	3576
3837	3513
3837	3714
3838	6131
3839	1308
3844	7
3844	1651
3846	4907
3848	5068
3850	439
3850	601
3850	1154
3853	75
3854	1218
3854	4090
3855	1676
3857	4
3857	1617
3858	1014
3869	13
3870	880
3879	2227
3881	1601
3887	5075
3888	75
3895	32
3901	514
3901	681
3902	3880
3904	2727
3904	4045
3906	76
3906	332
3907	5200
3908	233
3908	1833
3908	3919
3909	153
3911	2431
3912	2625
3914	2452
3914	3365
3915	1230
3925	1107
3926	2620
3931	17
3932	950
3932	4859
3933	2402
3950	2679
3950	3281
3951	3650
3953	1659
3953	3900
3956	406
3957	1606
3959	3698
3964	1635
3965	19
3975	1600
3976	1006
3978	5521
3987	803
4000	232
4000	1000
4000	1750
4000	1870
4000	2031
4000	2514
4000	2816
4000	3308
4000	3412
4000	5749
4001	0
4001	147
4001	253
4001	407
4001	1213
4001	1361
4001	1458
4001	2050
4001	3861
4001	4125
4001	5000
4001	6109
4002	223
4002	303
4002	1325
4002	3203
4003	14
4003	1881
4003	3283
4003	3807
4003	4925
4004	79
4004	107
4004	1210
4004	3400
4004	6382
4005	1000
4006	826
4006	1231
4006	1670
4006	1925
4006	2017
4006	3882
4007	1806
4007	3887
4008	1025
4008	1413
4010	5029
4011	458
4011	851
4011	1002
4011	3203
4011	5621
4012	1886
4012	2401
4013	808
4013	1050
4013	4437
4014	1438
4015	100
4015	1088
4015	1300
4015	1756
4015	1929
4016	2325
4017	844
4018	5978
4019	3300
4019	3533
4019	4228
4022	896
4022	1650
4025	27
4025	78
4025	907
4025	1827
4025	3354
4025	3810
4025	4501
4026	35
4026	407
4026	3457
4027	2544
4027	3308
4028	1209
4029	2802
4029	2808
4029	4438
4030	1076
4030	1677
4031	294
4032	601
4032	2044
4033	2227
4034	3256
4035	136
4037	1206
4037	2400
4039	1250
4039	4259
4040	4688
4041	3510
4044	2855
4045	403
4050	203
4050	430
4050	5516
4051	158
4051	426
4051	956
4053	402
4053	450
4053	3633
4053	6016
4054	861
4054	2877
4054	3301
4056	45
4056	489
4058	4013
4059	29
4061	1580
4062	344
4062	1641
4066	21
4066	214
4067	2901
4071	2780
4072	4
4075	4202
4076	41
4076	626
4076	2252
4076	4461
4078	4868
4081	0
4081	5646
4082	4206
4082	6216
4083	210
4083	2613
4088	47
4094	1606
4096	274
4096	4813
4097	764
4100	1723
4100	2712
4101	1926
4101	2200
4101	2804
4101	2900
4102	5625
4103	107
4103	3814
4103	4251
4104	219
4104	854
4104	1133
4104	1869
4105	719
4105	3250
4106	1005
4107	57
4108	268
4110	1663
4112	3206
4112	3601
4113	239
4113	1981
4114	1450
4114	3204
4115	553
4116	4601
4117	3767
4118	339
4121	3825
4122	333
4125	2530
4127	76
4127	457
4127	4500
4129	82
4131	52
4132	3528
4139	263
4140	871
4140	3200
4144	1201
4145	3614
4146	1808
4147	3351
4148	211
4151	2600
4153	1610
4161	4021
4165	2206
4165	2781
4166	159
4166	1260
4175	203
4175	4202
4175	5606
4180	1600
4183	102
4196	710
4197	1602
4200	207
4200	529
4200	857
4200	1704
4200	3244
4200	3487
4200	3513
4200	3851
4200	6203
4201	56
4201	1213
4201	1636
4201	4955
4202	19
4203	2944
4203	3362
4203	5100
4204	2804
4205	3503
4206	2003
4206	3575
4208	107
4208	920
4208	3676
4211	2450
4211	3920
4212	163
4214	3241
4215	828
4216	461
4216	4054
4216	5207
4218	1731
4219	1603
4220	400
4220	1453
4225	1631
4225	1881
4226	577
4226	1652
4228	14
4228	4804
4231	452
4231	582
4235	736
4237	510
4237	1935
4237	4450
4237	4914
4239	1601
4241	610
4243	0
4243	1447
4243	4807
4244	115
4250	1603
4250	3919
4250	5529
4251	0
4251	886
4252	3312
4253	14
4253	1756
4253	1813
4254	1688
4256	2309
4258	10
4259	419
4259	3291
4262	4554
4263	3535
4264	4255
4266	3237
4275	508
4276	3551
4278	444
4279	118
4279	4053
4281	4015
4282	3604
4283	541
4287	853
4290	1369
4293	16
4300	1302
4300	2450
4300	3658
4301	4433
4303	208
4303	4897
4304	0
4304	407
4305	5500
4306	669
4306	857
4306	3626
4306	4803
4307	4090
4308	1232
4308	3258
4308	3285
4308	3362
4309	89
4310	2262
4314	1613
4315	450
4317	3301
4317	3797
4319	600
4322	14
4322	302
4325	4207
4328	3722
4336	3200
4337	2641
4338	3200
4340	2064
4345	53
4348	5235
4350	260
4350	2306
4350	4238
4350	4265
4351	3994
4353	2401
4353	3325
4354	2503
4356	260
4358	5278
4360	3562
4360	3956
4360	4411
4362	1510
4375	14
4375	1610
4383	2002
4387	2481
4387	3551
4392	1775
4400	1207
4400	1381
4400	3469
4400	3618
4400	3801
4400	3814
4400	4562
4400	6156
4401	79
4401	2600
4401	5140
4403	1403
4403	1488
4403	2402
4404	451
4404	2407
4407	1459
4408	59
4408	2503
4412	2427
4414	630
4415	64
4415	1601
4417	6220
4419	1610
4419	4803
4420	4807
4420	4892
4425	263
4425	403
4425	2051
4425	3336
4426	828
4428	2052
4431	1900
4434	927
4435	101
4437	401
4437	426
4437	943
4437	1838
4440	204
4440	564
4441	4162
4448	18
4450	1209
4450	1626
4451	207
4451	413
4451	2875
4451	3287
4453	853
4453	910
4453	1174
4454	807
4454	2912
4457	2716
4462	3238
4462	3601
4462	5779
4463	445
4463	807
4465	723
4475	1801
4484	164
4490	3408
4500	503
4500	1351
4500	1615
4500	1826
4501	501
4503	63
4504	622
4504	4038
4504	4751
4505	3369
4506	246
4506	1017
4507	2459
4507	3629
4507	4864
4512	427
4512	1820
4514	813
4514	4057
4515	3265
4515	4215
4521	2686
4522	825
4525	2417
4525	3304
4529	601
4530	1602
4533	804
4534	2213
4540	2627
4540	3310
4548	2056
4550	0
4550	268
4550	2033
4551	2132
4559	3408
4572	438
4586	5265
4600	2834
4600	4606
4601	530
4602	1809
4603	2650
4604	960
4604	2088
4611	4
4611	3751
4622	3685
4625	113
4625	1674
4632	1661
4632	1877
4634	603
4634	1213
4640	1627
4645	176
4650	3825
4654	985
4662	321
4666	5632
4672	1663
4675	4900
4679	57
4686	0
4689	1827
4697	1702
4702	2728
4703	457
4703	3257
4717	530
4760	1603
4768	1206
4775	924
4781	660
4800	157
4800	730
4800	751
4800	1128
4800	1852
4800	1906
4800	2025
4800	3612
4800	3661
4800	4375
4801	307
4801	3356
4801	3408
4802	4565
4802	5226
4803	25
4803	225
4803	1163
4803	3777
4803	4251
4804	800
4804	1263
4804	3228
4804	3869
4806	1203
4806	1650
4806	1812
4807	236
4807	1807
4807	3278
4807	4489
4808	55
4808	1044
4808	2463
4808	4029
4809	3415
4811	104
4812	0
4812	4603
4812	5222
4813	464
4813	3275
4813	4059
4814	2
4814	244
4814	1600
4814	3201
4815	569
4815	1650
4815	3208
4815	5512
4816	214
4817	3009
4818	1827
4820	282
4820	1451
4822	491
4825	838
4825	1050
4825	1650
4825	2430
4826	114
4828	178
4828	225
4828	2728
4828	4129
4829	458
4829	3435
4830	958
4831	1738
4831	2408
4831	3200
4831	3214
4831	3950
4831	4532
4832	257
4836	5251
4839	1658
4839	4042
4842	467
4844	1917
4845	279
4845	1663
4850	909
4850	1202
4850	2508
4850	3336
4850	4251
4850	5404
4851	1631
4851	1713
4852	854
4853	1611
4853	2680
4853	3309
4853	5509
4854	3107
4854	3408
4854	3458
4857	25
4857	5069
4862	2323
4863	875
4864	102
4865	1756
4868	280
4872	35
4872	1211
4875	208
4875	268
4877	3452
4878	637
4879	3220
4880	3412
4881	801
4882	8
4884	525
4887	116
4888	605
4888	2605
4889	0
4890	935
4891	1006
4897	850
4900	2
4900	11
4900	232
4900	1816
4900	3229
4900	6021
4901	3042
4901	3651
4902	52
4902	2723
4902	4100
4902	5400
4903	140
4903	1025
4903	2119
4903	2406
4903	3830
4904	802
4904	1001
4904	1238
4904	4206
4906	1659
4906	2416
4907	16
4907	3515
4907	5065
4908	1627
4909	1620
4909	2001
4911	3551
4912	2217
4913	700
4914	726
4914	1085
4914	1926
4915	1600
4917	5962
4921	3222
4925	4868
4925	5883
4926	21
4928	3264
4928	3856
4931	525
4932	33
4937	3281
4939	3
4946	113
4946	822
4950	2120
4951	1668
4951	2463
4953	2206
4954	1369
4954	1692
4962	1816
4962	4950
4964	2025
4970	3362
4977	5606
4981	52
4983	3651
4987	219
4987	415
4989	577
4989	908
4990	3504
4990	4643
4996	4082
5000	70
5000	138
5000	414
5000	1804
5000	2513
5000	3601
5001	57
5001	4040
5002	407
5002	2800
5002	4815
5003	853
5003	1803
5003	3237
5003	3256
5004	43
5004	5749
5005	1600
5007	525
5007	1876
5007	1999
5012	397
5012	3243
5013	1819
5014	3239
5015	4875
5017	6267
5018	1
5018	2480
5019	120
5025	5
5025	1631
5028	1720
5029	82
5029	173
5029	1734
5031	54
5032	101
5034	2922
5037	107
5037	4306
5050	119
5050	154
5050	532
5056	1625
5057	53
5058	3488
5061	2550
5062	708
5064	5234
5065	245
5075	1813
5075	2505
5076	804
5079	1489
5087	4325
5089	64
5093	4850
5095	1401
5097	1
5100	2079
5100	2528
5100	2651
5101	607
5102	4000
5107	1625
5107	2311
5107	2723
5108	708
5112	2072
5112	2164
5113	289
5116	727
5121	1172
5121	1252
5125	118
5125	666
5125	1600
5125	1813
5126	2809
5128	220
5128	1000
5128	3710
5129	3609
5133	3315
5137	3216
5138	113
5139	225
5141	1202
5144	11
5151	451
5151	5131
5153	3507
5156	126
5161	564
5163	4410
5164	9
5165	452
5173	5257
5175	3212
5175	3287
5181	3401
5186	1602
5193	3662
5200	435
5200	1911
5200	2651
5200	4881
5200	4918
5201	2101
5203	450
5203	3653
5204	150
5204	4016
5206	2413
5206	3427
5207	3203
5207	4012
5207	5321
5208	1200
5209	5459
5210	75
5210	1851
5212	4506
5212	5487
5213	266
5218	44
5218	452
5218	4025
5219	3207
5220	1771
5221	2227
5221	2434
5225	242
5227	297
5228	407
5229	647
5230	316
5231	771
5231	2012
5231	2126
5231	3325
5232	225
5232	566
5237	1663
5239	3631
5239	3651
5243	3259
5245	4365
5246	3210
5248	1039
5250	2401
5251	459
5251	832
5252	2038
5252	5050
5252	6287
5256	208
5262	57
5263	448
5263	3453
5264	503
5265	66
5265	4401
5268	143
5268	3650
5271	3212
5275	2537
5278	277
5278	2488
5278	2945
5281	501
5285	4023
5300	57
5300	257
5300	2809
5300	3253
5300	5727
5301	1413
5303	828
5303	1615
5303	2656
5303	3400
5303	5025
5306	703
5306	3316
5306	4801
5307	285
5311	2950
5312	5400
5318	218
5321	4050
5325	107
5326	133
5328	2526
5332	802
5337	3250
5339	4275
5341	2010
5343	3575
5346	49
5350	449
5350	5999
5357	478
5362	1719
5363	2730
5364	407
5369	5259
5375	849
5400	259
5400	567
5400	2038
5400	4850
5400	5203
5401	6001
5402	2102
5403	1601
5403	2627
5404	1638
5406	297
5406	458
5409	667
5410	4003
5414	3787
5415	4500
5416	2158
5417	3225
5418	221
5418	3315
5418	5237
5421	3656
5421	4543
5425	58
5425	5985
5428	3703
5431	50
5432	916
5450	3352
5450	5275
5453	2601
5454	1828
5457	2008
5460	933
5464	4832
5470	5710
5471	75
5478	3615
5482	1871
5482	3301
5505	3601
5508	1600
5512	4932
5513	3702
5523	106
5532	4247
5543	325
5543	607
5581	11
5600	69
5600	1402
5600	3312
5600	3515
5600	3604
5600	4508
5602	1267
5602	3608
5603	225
5603	622
5606	805
5606	3539
5607	1078
5607	1801
5607	4025
5609	2601
5610	613
5613	5065
5614	2001
5615	4128
5616	380
5618	210
5618	3364
5623	3429
5625	960
5625	1702
5625	3612
5626	200
5626	3450
5628	4122
5631	1251
5634	0
5639	4
5646	5009
5647	5827
5650	4864
5651	1801
5653	76
5653	408
5653	660
5657	5878
5659	3369
5660	2023
5662	3231
5662	3764
5662	4104
5664	3901
5668	3310
5669	85
5675	200
5675	677
5675	2051
5676	1231
5677	419
5692	1064
5699	1900
5699	4818
5701	3257
5701	5821
5702	50
5703	111
5703	239
5703	1611
5703	2550
5703	3776
5706	4853
5707	7
5708	5050
5715	800
5719	1610
5728	3682
5729	3639
5731	91
5731	1225
5732	1812
5734	14
5734	835
5736	800
5748	3491
5749	430
5749	857
5749	4910
5751	14
5754	2031
5756	1614
5757	1254
5757	3600
5765	3258
5771	2031
5782	4839
5787	4681
5792	5018
5800	2059
5800	2427
5801	1
5801	896
5801	1052
5803	94
5803	5175
5805	867
5806	4279
5807	3676
5812	4
5812	1605
5823	459
5827	3216
5828	4073
5830	447
5836	211
5838	502
5839	2400
5840	5263
5843	3465
5849	948
5849	4090
5850	521
5850	2496
5857	838
5857	4182
5864	3556
5882	404
5882	716
5892	207
5900	3933
5908	432
5912	1631
5914	200
5923	2677
5924	4918
5925	4015
5927	3452
5931	1721
5940	0
5942	914
5950	1602
5957	228
5978	96
5989	4000
5998	800
5999	25
6000	691
6000	5203
6001	500
6001	2038
6003	3950
6003	4403
6003	5414
6004	808
6006	5631
6009	1600
6009	1777
6014	3801
6017	5707
6021	820
6027	114
6031	1491
6031	3900
6034	125
6046	4268
6049	5377
6050	507
6051	453
6051	1725
6053	1655
6053	3284
6064	1801
6067	2627
6078	2359
6078	3406
6099	21
6099	100
6100	682
6106	4433
6112	433
6113	400
6113	4814
6118	4830
6134	1013
6135	956
6149	2008
6150	4901
6150	5009
6153	914
6156	1013
6163	1610
6170	5863
6181	4041
6183	1691
6188	2127
6201	2739
6203	202
6203	203
6209	2152
6213	1895
6223	258
6223	4552
6224	58
6224	3201
6230	4109
6232	1701
6233	2
6238	1970
6239	3255
6247	44
6250	382
6256	1619
6268	1025
6299	844
6299	3412
6300	5228
6306	1159
6324	1020
6338	370
6340	5831
6384	813
